0 31 34.2855812322
1 31 33.6180915411
2 31 33.6103691284
3 31 31.7595354949
4 31 32.2510373399
5 31 32.2979495196
6 31 29.6174272296
7 31 27.1403480386
8 31 9.93500308583
9 31 14.0985889814
10 31 14.6128238938
11 31 14.7494015472
12 31 12.7912832831
13 31 21.6490106774
14 31 20.9183047039
15 31 21.247279563
16 31 22.989003395
17 31 23.2721686262
18 31 24.6694070481
19 31 24.5405792797
20 31 38.5477487512
21 31 33.6180915411
22 31 32.2510373399
23 31 34.2855812322
24 31 33.6103691284
25 31 32.2979495196
26 31 37.7594610534
27 31 37.4416391329
28 31 31.7595354949
29 31 29.6174272296
30 31 27.1403480386
31 31 21.6490106774
32 31 23.2721686262
33 31 24.5405792797
34 31 14.0985889814
35 31 14.7494015472
36 31 20.9183047039
37 31 14.6128238938
38 31 21.247279563
39 31 22.989003395
40 31 24.6694070481
41 31 37.7594610534
42 31 38.5477487512
43 31 37.4416391329
44 31 9.93500308583
45 31 12.7912832831
0 32 34.7277754192
1 32 33.9254768532
2 32 33.9255334593
3 32 32.1383274556
4 32 32.4599260974
5 32 32.514580462
6 32 29.784358132
7 32 27.3300125333
8 32 7.30681046635
9 32 12.8423282378
10 32 13.8089321201
11 32 13.0691021865
12 32 10.1521336459
13 32 19.6975334858
14 32 19.1866422092
15 32 19.8241130257
16 32 21.6022555267
17 32 21.2994622242
18 32 23.2272018809
19 32 22.5175196331
20 32 37.9595946317
21 32 33.9254768532
22 32 32.4599260974
23 32 34.7277754192
24 32 33.9255334593
25 32 32.514580462
26 32 37.2769149593
27 32 36.9642588233
28 32 32.1383274556
29 32 29.784358132
30 32 27.3300125333
31 32 19.6975334858
32 32 21.2994622242
33 32 22.5175196331
34 32 12.8423282378
35 32 13.0691021865
36 32 19.1866422092
37 32 13.8089321201
38 32 19.8241130257
39 32 21.6022555267
40 32 23.2272018809
41 32 37.2769149593
42 32 37.9595946317
43 32 36.9642588233
44 32 7.30681046635
45 32 10.1521336459
0 33 35.440759427
1 33 34.9810034794
2 33 34.7781751315
3 33 33.0103110303
4 33 33.4179985302
5 33 33.2589955713
6 33 30.3668904919
7 33 27.7976553261
8 33 8.15898716057
9 33 10.7137738241
10 33 11.5716273948
11 33 11.2209170233
12 33 10.3306591827
13 33 17.1754049454
14 33 16.7879819639
15 33 17.3222676256
16 33 19.1894228343
17 33 18.9221827623
18 33 20.939427211
19 33 19.9686156242
20 33 38.8505001901
21 33 34.9810034794
22 33 33.4179985302
23 33 35.440759427
24 33 34.7781751315
25 33 33.2589955713
26 33 38.0755071418
27 33 37.5729702892
28 33 33.0103110303
29 33 30.3668904919
30 33 27.7976553261
31 33 17.1754049454
32 33 18.9221827623
33 33 19.9686156242
34 33 10.7137738241
35 33 11.2209170233
36 33 16.7879819639
37 33 11.5716273948
38 33 17.3222676256
39 33 19.1894228343
40 33 20.939427211
41 33 38.0755071418
42 33 38.8505001901
43 33 37.5729702892
44 33 8.15898716057
45 33 10.3306591827
0 35 39.6599366883
1 35 38.9437793321
2 35 38.9138510293
3 35 37.1117810406
4 35 37.4834145119
5 35 37.4996468827
6 35 34.7342002661
7 35 32.2354740139
8 35 4.81234655489
9 35 8.64909364708
10 35 9.50122246669
11 35 8.95376141113
12 35 7.12638145487
13 35 16.30055451
14 35 15.4193606192
15 35 15.8849014984
16 35 17.5219031256
17 35 17.7406298065
18 35 19.0580732367
19 35 19.1949094688
20 35 43.0268463608
21 35 38.9437793321
22 35 37.4834145119
23 35 39.6599366883
24 35 38.9138510293
25 35 37.4996468827
26 35 42.3358298559
27 35 41.9861873711
28 35 37.1117810406
29 35 34.7342002661
30 35 32.2354740139
31 35 16.30055451
32 35 17.7406298065
33 35 19.1949094688
34 35 8.64909364708
35 35 8.95376141113
36 35 15.4193606192
37 35 9.50122246669
38 35 15.8849014984
39 35 17.5219031256
40 35 19.0580732367
41 35 42.3358298559
42 35 43.0268463608
43 35 41.9861873711
44 35 4.81234655489
45 35 7.12638145487
0 36 39.8573833665
1 36 39.1777332368
2 36 39.0730858988
3 36 37.3376809952
4 36 37.6128819415
5 36 37.5511311097
6 36 34.7078074107
7 36 32.2065150799
8 36 3.91339797141
9 36 7.46240071901
10 36 8.87931486189
11 36 7.25768900043
12 36 5.36620148167
13 36 13.8395544642
14 36 13.3198302954
15 36 14.1308065335
16 36 15.8648507248
17 36 15.3501867942
18 36 17.4057362133
19 36 16.6490130638
20 36 42.4900885173
21 36 39.1777332368
22 36 37.6128819415
23 36 39.8573833665
24 36 39.0730858988
25 36 37.5511311097
26 36 41.8460990486
27 36 41.4266031045
28 36 37.3376809952
29 36 34.7078074107
30 36 32.2065150799
31 36 13.8395544642
32 36 15.3501867942
33 36 16.6490130638
34 36 7.46240071901
35 36 7.25768900043
36 36 13.3198302954
37 36 8.87931486189
38 36 14.1308065335
39 36 15.8648507248
40 36 17.4057362133
41 36 41.8460990486
42 36 42.4900885173
43 36 41.4266031045
44 36 3.91339797141
45 36 5.36620148167
0 101 31.97319492
1 101 30.6470254925
2 101 30.7947565714
3 101 29.2788892085
4 101 29.081992768
5 101 29.2982331157
6 101 26.7711655889
7 101 24.6971937956
8 101 12.1888745302
9 101 19.3025955385
10 101 20.8559107414
11 101 18.7064495632
12 101 13.9107481798
13 101 23.4170885873
14 101 23.623866132
15 101 24.8912208543
16 101 26.617773249
17 101 24.8522150919
18 101 28.0169521461
19 101 25.6962491129
20 101 32.3314190044
21 101 30.6470254925
22 101 29.081992768
23 101 31.97319492
24 101 30.7947565714
25 101 29.2982331157
26 101 31.9956778159
27 101 31.8493903036
28 101 29.2788892085
29 101 26.7711655889
30 101 24.6971937956
31 101 23.4170885873
32 101 24.8522150919
33 101 25.6962491129
34 101 19.3025955385
35 101 18.7064495632
36 101 23.623866132
37 101 20.8559107414
38 101 24.8912208543
39 101 26.617773249
40 101 28.0169521461
41 101 31.9956778159
42 101 32.3314190044
43 101 31.8493903036
44 101 12.1888745302
45 101 13.9107481798
0 102 33.720288167
1 102 32.1656774518
2 102 32.4892053103
3 102 30.9160733947
4 102 30.7333783278
5 102 31.1288531557
6 102 28.7428555877
7 102 26.722680011
8 102 10.6662856059
9 102 19.064017617
10 102 20.5942609369
11 102 18.404494786
12 102 12.6487666856
13 102 23.9558639521
14 102 23.8867416134
15 102 25.1071752096
16 102 26.7500359587
17 102 25.2755608981
18 102 28.066103801
19 102 26.3668846461
20 102 34.3972719293
21 102 32.1656774518
22 102 30.7333783278
23 102 33.720288167
24 102 32.4892053103
25 102 31.1288531557
26 102 34.106689331
27 102 34.1222935821
28 102 30.9160733947
29 102 28.7428555877
30 102 26.722680011
31 102 23.9558639521
32 102 25.2755608981
33 102 26.3668846461
34 102 19.064017617
35 102 18.404494786
36 102 23.8867416134
37 102 20.5942609369
38 102 25.1071752096
39 102 26.7500359587
40 102 28.066103801
41 102 34.106689331
42 102 34.3972719293
43 102 34.1222935821
44 102 10.6662856059
45 102 12.6487666856
0 103 36.3857030698
1 103 34.680976883
2 103 35.0578495723
3 103 33.585143362
4 103 33.2489442492
5 103 33.6945433617
6 103 31.4013058825
7 103 29.5112691708
8 103 11.686714529
9 103 20.160449436
10 103 21.8610187917
11 103 19.1521744124
12 103 12.8707556531
13 103 24.0555410565
14 103 24.1206234138
15 103 25.5415720206
16 103 27.0444021265
17 103 25.1625639249
18 103 28.1612579956
19 103 26.2160952152
20 103 36.0481821042
21 103 34.680976883
22 103 33.2489442492
23 103 36.3857030698
24 103 35.0578495723
25 103 33.6945433617
26 103 35.909164231
27 103 35.9901366558
28 103 33.585143362
29 103 31.4013058825
30 103 29.5112691708
31 103 24.0555410565
32 103 25.1625639249
33 103 26.2160952152
34 103 20.160449436
35 103 19.1521744124
36 103 24.1206234138
37 103 21.8610187917
38 103 25.5415720206
39 103 27.0444021265
40 103 28.1612579956
41 103 35.909164231
42 103 36.0481821042
43 103 35.9901366558
44 103 11.686714529
45 103 12.8707556531
0 104 37.2832402942
1 104 35.8792693701
2 104 36.0609378699
3 104 34.5928542752
4 104 34.3208943475
5 104 34.5621231687
6 104 32.0707904165
7 104 30.0402627621
8 104 10.5943317572
9 104 17.9105968908
10 104 19.6972458614
11 104 16.8117678219
12 104 11.2473156329
13 104 20.9320904322
14 104 21.2055422719
15 104 22.7150620261
16 104 24.2338899516
17 104 22.0634690641
18 104 25.3593548266
19 104 22.9632857292
20 104 36.9747719508
21 104 35.8792693701
22 104 34.3208943475
23 104 37.2832402942
24 104 36.0609378699
25 104 34.5621231687
26 104 36.7565233844
27 104 36.6432240479
28 104 34.5928542752
29 104 32.0707904165
30 104 30.0402627621
31 104 20.9320904322
32 104 22.0634690641
33 104 22.9632857292
34 104 17.9105968908
35 104 16.8117678219
36 104 21.2055422719
37 104 19.6972458614
38 104 22.7150620261
39 104 24.2338899516
40 104 25.3593548266
41 104 36.7565233844
42 104 36.9747719508
43 104 36.6432240479
44 104 10.5943317572
45 104 11.2473156329
0 105 37.7220707007
1 105 36.4620951736
2 105 36.6100702935
3 105 35.0181237502
4 105 34.9269580621
5 105 35.1319307966
6 105 32.5404655907
7 105 30.3448446161
8 105 6.822863266
9 105 14.7339835553
10 105 16.4399112607
11 105 13.7877379613
12 105 8.02088517853
13 105 18.9453634365
14 105 18.9192813575
15 105 20.2540520439
16 105 21.8264107162
17 105 20.1705442244
18 105 23.0540118217
19 105 21.28311235
20 105 38.5169789466
21 105 36.4620951736
22 105 34.9269580621
23 105 37.7220707007
24 105 36.6100702935
25 105 35.1319307966
26 105 38.161932927
27 105 37.9997312465
28 105 35.0181237502
29 105 32.5404655907
30 105 30.3448446161
31 105 18.9453634365
32 105 20.1705442244
33 105 21.28311235
34 105 14.7339835553
35 105 13.7877379613
36 105 18.9192813575
37 105 16.4399112607
38 105 20.2540520439
39 105 21.8264107162
40 105 23.0540118217
41 105 38.161932927
42 105 38.5169789466
43 105 37.9997312465
44 105 6.822863266
45 105 8.02088517853
0 106 39.8831560533
1 106 38.3598969757
2 106 38.6738743278
3 106 37.089088883
4 106 36.9259707844
5 106 37.2996176588
6 106 34.8669604519
7 106 32.785623993
8 106 7.48211719422
9 106 16.31726361
10 106 18.0010751863
11 106 15.1916272467
12 106 8.36746769443
13 106 20.6462444868
14 106 20.4313491176
15 106 21.7791792585
16 106 23.1680218284
17 106 21.6266751469
18 106 24.1945055684
19 106 22.9158045083
20 106 40.4344242524
21 106 38.3598969757
22 106 36.9259707844
23 106 39.8831560533
24 106 38.6738743278
25 106 37.2996176588
26 106 40.1826520004
27 106 40.1820279772
28 106 37.089088883
29 106 34.8669604519
30 106 32.785623993
31 106 20.6462444868
32 106 21.6266751469
33 106 22.9158045083
34 106 16.31726361
35 106 15.1916272467
36 106 20.4313491176
37 106 18.0010751863
38 106 21.7791792585
39 106 23.1680218284
40 106 24.1945055684
41 106 40.1826520004
42 106 40.4344242524
43 106 40.1820279772
44 106 7.48211719422
45 106 8.36746769443
0 107 41.9547963416
1 107 40.4664413776
2 107 40.7206698685
3 107 39.2136647761
4 107 38.9632120632
5 107 39.2723728675
6 107 36.8097911548
7 107 34.7597977767
8 107 9.3355821848
9 107 16.8277311482
10 107 18.6599397758
11 107 15.3868443931
12 107 9.00382891448
13 107 19.5669126109
14 107 19.6294952219
15 107 21.2001157018
16 107 22.4612264769
17 107 20.3560588984
18 107 23.3062857907
19 107 21.4850124542
20 107 41.758566196
21 107 40.4664413776
22 107 38.9632120632
23 107 41.9547963416
24 107 40.7206698685
25 107 39.2723728675
26 107 41.5761700344
27 107 41.5259650275
28 107 39.2136647761
29 107 36.8097911548
30 107 34.7597977767
31 107 19.5669126109
32 107 20.3560588984
33 107 21.4850124542
34 107 16.8277311482
35 107 15.3868443931
36 107 19.6294952219
37 107 18.6599397758
38 107 21.2001157018
39 107 22.4612264769
40 107 23.3062857907
41 107 41.5761700344
42 107 41.758566196
43 107 41.5259650275
44 107 9.3355821848
45 107 9.00382891448
0 108 42.2319493342
1 108 41.0414826425
2 108 41.1340196391
3 108 39.5765641772
4 108 39.4616003512
5 108 39.6026448113
6 108 36.9615803952
7 108 34.7473041775
8 108 7.18412822319
9 108 13.3848584056
10 108 15.258153516
11 108 11.9201959298
12 108 6.30318442672
13 108 15.9337457601
14 108 16.0311843852
15 108 17.6000765121
16 108 18.9373833042
17 108 16.8367074804
18 108 19.8843191736
19 108 17.9510482203
20 108 42.63024323
21 108 41.0414826425
22 108 39.4616003512
23 108 42.2319493342
24 108 41.1340196391
25 108 39.6026448113
26 108 42.314678449
27 108 42.0968818233
28 108 39.5765641772
29 108 36.9615803952
30 108 34.7473041775
31 108 15.9337457601
32 108 16.8367074804
33 108 17.9510482203
34 108 13.3848584056
35 108 11.9201959298
36 108 16.0311843852
37 108 15.258153516
38 108 17.6000765121
39 108 18.9373833042
40 108 19.8843191736
41 108 42.314678449
42 108 42.63024323
43 108 42.0968818233
44 108 7.18412822319
45 108 6.30318442672
0 109 43.6385753803
1 109 42.4043017511
2 109 42.5670938193
3 109 40.9269171701
4 109 40.9023374862
5 109 41.114245471
6 109 38.4997614027
7 109 36.241275521
8 109 4.81234655489
9 109 12.0703852626
10 109 13.7996887711
11 109 10.658509757
12 109 3.75598260338
13 109 16.0052623126
14 109 15.6213582124
15 109 16.9667630517
16 109 18.2075873841
17 109 16.8126347141
18 109 19.1097802301
19 109 18.2548705908
20 109 44.7162349978
21 109 42.4043017511
22 109 40.9023374862
23 109 43.6385753803
24 109 42.5670938193
25 109 41.114245471
26 109 44.3572817972
27 109 44.1985394744
28 109 40.9269171701
29 109 38.4997614027
30 109 36.241275521
31 109 16.0052623126
32 109 16.8126347141
33 109 18.2548705908
34 109 12.0703852626
35 109 10.658509757
36 109 15.6213582124
37 109 13.7996887711
38 109 16.9667630517
39 109 18.2075873841
40 109 19.1097802301
41 109 44.3572817972
42 109 44.7162349978
43 109 44.1985394744
44 109 4.81234655489
45 109 3.75598260338
