0 31 21.2148446594
1 31 18.8114737455
2 31 12.7224634322
3 31 7.41871708917
4 31 8.50111836658
5 31 9.99418960076
6 31 21.2148446594
7 31 28.4977187058
8 31 25.2783949047
9 31 18.8114737455
10 31 7.41871708917
11 31 8.50111836658
12 31 9.99418960076
13 31 11.384776328
14 31 10.9558233998
15 31 12.5979386444
16 31 28.4977187058
17 31 25.2783949047
18 31 12.7224634322
19 31 11.384776328
20 31 10.9558233998
21 31 12.5979386444
0 32 21.1993355124
1 32 18.8602236749
2 32 11.2724562443
3 32 4.33738927132
4 32 5.89453965982
5 32 7.52748989468
6 32 21.1993355124
7 32 27.7554058547
8 32 24.5370809916
9 32 18.8602236749
10 32 4.33738927132
11 32 5.89453965982
12 32 7.52748989468
13 32 7.96010105055
14 32 7.27739955638
15 32 8.97403638894
16 32 27.7554058547
17 32 24.5370809916
18 32 11.2724562443
19 32 7.96010105055
20 32 7.27739955638
21 32 8.97403638894
0 33 21.9975926294
1 33 19.5079471554
2 33 12.9994165639
3 33 2.89135798694
4 33 3.16507979258
5 33 4.54235030529
6 33 21.9975926294
7 33 28.3875029297
8 33 25.4622230972
9 33 19.5079471554
10 33 2.89135798694
11 33 3.16507979258
12 33 4.54235030529
13 33 7.86063752765
14 33 6.97374757068
15 33 8.31053846036
16 33 28.3875029297
17 33 25.4622230972
18 33 12.9994165639
19 33 7.86063752765
20 33 6.97374757068
21 33 8.31053846036
0 35 26.2000787011
1 35 23.801479911
2 35 16.2924359077
3 35 6.86730331489
4 35 7.57646476588
5 35 7.21525588403
6 35 26.2000787011
7 35 32.7612477146
8 35 29.5944883147
9 35 23.801479911
10 35 6.86730331489
11 35 7.57646476588
12 35 7.21525588403
13 35 11.1000368893
14 35 9.04418322556
15 35 9.49859747546
16 35 32.7612477146
17 35 29.5944883147
18 35 16.2924359077
19 35 11.1000368893
20 35 9.04418322556
21 35 9.49859747546
0 36 26.2184661425
1 36 23.8514295814
2 36 15.9812464411
3 36 5.23214404657
4 36 5.53626240753
5 36 4.37700823032
6 36 26.2184661425
7 36 32.0990447998
8 36 29.0908230015
9 36 23.8514295814
10 36 5.23214404657
11 36 5.53626240753
12 36 4.37700823032
13 36 8.80873943304
14 36 6.2222847294
15 36 6.09816585451
16 36 32.0990447998
17 36 29.0908230015
18 36 15.9812464411
19 36 8.80873943304
20 36 6.2222847294
21 36 6.09816585451
0 101 18.5705380921
1 101 16.9736968645
2 101 7.3010608638
3 101 8.92892845782
4 101 10.2243740055
5 101 12.1643180915
6 101 18.5705380921
7 101 22.5596021792
8 101 19.434807178
9 101 16.9736968645
10 101 8.92892845782
11 101 10.2243740055
12 101 12.1643180915
13 101 4.92616794079
14 101 6.8040623687
15 101 8.58920392514
16 101 22.5596021792
17 101 19.434807178
18 101 7.3010608638
19 101 4.92616794079
20 101 6.8040623687
21 101 8.58920392514
0 102 20.3838887256
1 102 18.808461331
2 102 8.66187672258
3 102 9.72134597007
4 102 11.4017550132
5 102 13.0933579295
6 102 20.3838887256
7 102 24.9396691791
8 102 21.5584129022
9 102 18.808461331
10 102 9.72134597007
11 102 11.4017550132
12 102 13.0933579295
13 102 7.34823365699
14 102 7.93783780991
15 102 9.48916415
16 102 24.9396691791
17 102 21.5584129022
18 102 8.66187672258
19 102 7.34823365699
20 102 7.93783780991
21 102 9.48916415
0 103 23.3184868826
1 103 21.940222024
2 103 11.8736967623
3 103 12.2735027364
4 103 13.7430170249
5 103 14.8976046785
6 103 23.3184868826
7 103 26.9495150245
8 103 23.7088033857
9 103 21.940222024
10 103 12.2735027364
11 103 13.7430170249
12 103 14.8976046785
13 103 9.2284405412
14 103 9.29355499502
15 103 10.0093524789
16 103 26.9495150245
17 103 23.7088033857
18 103 11.8736967623
19 103 9.2284405412
20 103 9.29355499502
21 103 10.0093524789
0 104 23.9874131765
1 104 22.4121997233
2 104 12.7118253038
3 104 10.5889732814
4 104 11.6726310782
5 104 12.4435007789
6 104 23.9874131765
7 104 27.4644433464
8 104 24.4679002032
9 104 22.4121997233
10 104 10.5889732814
11 104 11.6726310782
12 104 12.4435007789
13 104 7.07289331194
14 104 6.75302545423
15 104 6.93923767443
16 104 27.4644433464
17 104 24.4679002032
18 104 12.7118253038
19 104 7.07289331194
20 104 6.75302545423
21 104 6.93923767443
0 105 24.1106014514
1 105 22.2452536262
2 105 12.5354421663
3 105 7.81103411443
4 105 9.11430258472
5 105 9.73554840154
6 105 24.1106014514
7 105 28.6755166516
8 105 25.5211822584
9 105 22.2452536262
10 105 7.81103411443
11 105 9.11430258472
12 105 9.73554840154
13 105 6.16315014265
14 105 4.63646944367
15 105 5.03497996466
16 105 28.6755166516
17 105 25.5211822584
18 105 12.5354421663
19 105 6.16315014265
20 105 4.63646944367
21 105 5.03497996466
0 106 26.4452596655
1 106 24.7267683737
2 106 14.6829795125
3 106 11.0763512083
4 106 12.5027638433
5 106 12.8808810376
6 106 26.4452596655
7 106 30.9755933211
8 106 27.6706248379
9 106 24.7267683737
10 106 11.0763512083
11 106 12.5027638433
12 106 12.8808810376
13 106 9.89764623246
14 106 8.3759143941
15 106 8.37248022561
16 106 30.9755933211
17 106 27.6706248379
18 106 14.6829795125
19 106 9.89764623246
20 106 8.3759143941
21 106 8.37248022561
0 107 28.5774168943
1 107 26.9226944885
2 107 16.9809095455
3 107 12.8318110065
4 107 13.8744562341
5 107 13.7779943296
6 107 28.5774168943
7 107 32.3640476077
8 107 29.2720802209
9 107 26.9226944885
10 107 12.8318110065
11 107 13.8744562341
12 107 13.7779943296
13 107 10.8735742084
14 107 9.19245111962
15 107 8.32406405126
16 107 32.3640476077
17 107 29.2720802209
18 107 16.9809095455
19 107 10.8735742084
20 107 9.19245111962
21 107 8.32406405126
0 108 28.6359824003
1 108 26.7421991662
2 108 17.2459634109
3 108 10.6233630946
4 108 11.3036812863
5 108 10.6529199098
6 108 28.6359824003
7 108 32.8013823518
8 108 29.8177380796
9 108 26.7421991662
10 108 10.6233630946
11 108 11.3036812863
12 108 10.6529199098
13 108 9.47282342954
14 108 7.04427625384
15 108 5.43940411572
16 108 32.8013823518
17 108 29.8177380796
18 108 17.2459634109
19 108 9.47282342954
20 108 7.04427625384
21 108 5.43940411572
0 109 29.9662655504
1 109 27.9729171462
2 109 18.4063874311
3 109 11.1283851408
4 109 12.0153242071
5 109 11.180549928
6 109 29.9662655504
7 109 34.8633072144
8 109 31.6798357194
9 109 27.9729171462
10 109 11.1283851408
11 109 12.0153242071
12 109 11.180549928
13 109 11.4917711889
14 109 8.77483549567
15 109 7.57966575183
16 109 34.8633072144
17 109 31.6798357194
18 109 18.4063874311
19 109 11.4917711889
20 109 8.77483549567
21 109 7.57966575183
