0 31 30.4345704331
1 31 29.5575849433
2 31 28.8016137465
3 31 30.0932839113
4 31 28.1869773228
5 31 27.3125559293
6 31 24.7904506936
7 31 24.0485866984
8 31 26.5473620587
9 31 27.4170329189
10 31 26.6241519782
11 31 24.1766021983
12 31 23.3025700085
13 31 25.2875147973
14 31 24.4806890582
15 31 22.0011386149
16 31 20.6460883865
17 31 21.1608811972
18 31 17.9223237802
19 31 16.4435698429
20 31 18.6040700614
21 31 16.3332156516
22 31 15.9337217796
23 31 18.4203535922
24 31 17.4828695307
25 31 16.0738976003
26 31 15.658482575
27 31 14.2841518856
28 31 13.4638868308
29 31 15.6326555676
30 31 13.9144267934
31 31 13.671379426
32 31 12.1373735144
33 31 11.5132093286
34 31 9.63578431412
35 31 13.93386716
36 31 11.2691678639
37 31 10.1361150341
38 31 11.6717710433
39 31 9.20060826314
40 31 7.34616507553
41 31 9.27022895108
42 31 8.36743257389
43 31 7.8790559559
44 31 10.4648607671
45 31 9.89522697223
46 31 10.2230424763
47 31 8.44355450464
48 31 8.47308125114
49 31 7.67027495005
50 31 9.31905724825
51 31 8.79935552598
52 31 7.49291551229
53 31 7.24013504914
54 31 7.78214322349
55 31 8.07604555855
56 31 8.31960554673
57 31 7.7833816078
58 31 7.96548568255
59 31 8.22000342661
60 31 9.08781584867
61 31 10.8016435215
62 31 9.44110180472
63 31 8.07798711061
64 31 8.90675231804
65 31 8.30559054687
66 31 9.62409077747
67 31 9.50644713206
68 31 10.5939146401
69 31 11.6416435396
70 31 9.80062944866
71 31 11.8127077192
72 31 11.1499074639
73 31 10.3449119214
74 31 12.4358277812
75 31 11.3779090116
76 31 12.1900105936
77 31 13.948051927
78 31 13.7964813504
79 31 14.2126461254
80 31 11.0673296369
81 31 11.8285970567
82 31 12.9586593757
83 31 13.1841076745
84 31 15.3655510932
85 31 13.4499854187
86 31 14.4513928571
87 31 16.0997631176
88 31 16.1106531968
89 31 16.9261465045
90 31 16.2059817031
91 31 16.5177800776
92 31 18.6131037759
93 31 17.9606497486
94 31 18.2566303729
95 31 20.0570496365
96 31 18.1534067445
97 31 20.0506120588
98 31 19.4248642645
99 31 19.821391755
100 31 21.6104293971
101 31 39.0210032157
102 31 36.7565814627
103 31 35.2849594514
104 31 35.3691563754
105 31 34.626513203
106 31 34.2524651647
107 31 32.2812562931
108 31 30.0932839113
109 31 37.7932358741
110 31 35.6011217154
111 31 34.0786296278
112 31 33.3419510123
113 31 31.0062056529
114 31 35.6665289574
115 31 34.101871132
116 31 30.4345704331
117 31 29.5575849433
118 31 28.8016137465
119 31 28.1869773228
120 31 27.4170329189
121 31 25.2875147973
122 31 33.7639586178
123 31 32.1968340091
124 31 31.2965838717
125 31 29.0081918303
126 31 27.3125559293
127 31 26.6241519782
128 31 24.4806890582
129 31 33.1304360643
130 31 31.5650656065
131 31 32.5046931034
132 31 31.0039352491
133 31 30.9252882571
134 31 28.8856217307
135 31 27.7684998025
136 31 25.887672192
137 31 30.4357165517
138 31 25.2632662557
139 31 24.7904506936
140 31 24.1766021983
141 31 22.0011386149
142 31 21.1608811972
143 31 24.0485866984
144 31 23.3025700085
145 31 18.4203535922
146 31 26.3874393999
147 31 24.4655960564
148 31 23.3811707408
149 31 22.2405953479
150 31 20.2699606582
151 31 23.4772080165
152 31 17.4828695307
153 31 17.9223237802
154 31 16.4435698429
155 31 16.0738976003
156 31 13.9144267934
157 31 20.9794689537
158 31 17.8803555743
159 31 15.658482575
160 31 13.671379426
161 31 21.0504591314
162 31 19.6600473986
163 31 18.0223853077
164 31 17.0545270092
165 31 14.2841518856
166 31 12.1373735144
167 31 11.6717710433
168 31 10.4648607671
169 31 13.4638868308
170 31 11.5132093286
171 31 9.89522697223
172 31 17.6803654461
173 31 16.0016198302
174 31 15.221907222
175 31 13.4440440614
176 31 14.5676193219
177 31 13.0235177232
178 31 16.220003914
179 31 10.2230424763
180 31 9.63578431412
181 31 9.20060826314
182 31 7.34616507553
183 31 8.44355450464
184 31 7.49291551229
185 31 7.24013504914
186 31 8.22000342661
187 31 13.4963150851
188 31 11.5672954719
189 31 14.6205554621
190 31 14.3685164496
191 31 12.9033035985
192 31 13.7158375527
193 31 8.47308125114
194 31 7.78214322349
195 31 9.08781584867
196 31 9.62409077747
197 31 10.3449119214
198 31 7.67027495005
199 31 9.50644713206
200 31 12.6067656729
201 31 10.8016435215
202 31 12.4358277812
203 31 8.07604555855
204 31 9.44110180472
205 31 8.90675231804
206 31 10.5939146401
207 31 11.3779090116
208 31 11.0673296369
209 31 11.8285970567
210 31 13.4499854187
211 31 11.6416435396
212 31 12.1900105936
213 31 12.9586593757
214 31 14.4513928571
215 31 12.5637216251
216 31 14.5266784688
217 31 16.2421103796
218 31 16.0997631176
219 31 13.948051927
220 31 16.1106531968
221 31 16.9261465045
222 31 18.6131037759
223 31 20.0506120588
224 31 13.7964813504
225 31 16.2059817031
226 31 17.9606497486
227 31 19.4248642645
228 31 14.2126461254
229 31 16.5177800776
230 31 18.2566303729
231 31 19.821391755
232 31 20.0570496365
233 31 21.6104293971
234 31 39.0210032157
235 31 37.7932358741
236 31 36.7565814627
237 31 35.6011217154
238 31 35.6665289574
239 31 33.7639586178
240 31 33.1304360643
241 31 32.5046931034
242 31 35.2849594514
243 31 34.0786296278
244 31 34.101871132
245 31 32.1968340091
246 31 31.5650656065
247 31 31.0039352491
248 31 30.4357165517
249 31 35.3691563754
250 31 30.9252882571
251 31 34.626513203
252 31 33.3419510123
253 31 31.2965838717
254 31 34.2524651647
255 31 28.8856217307
256 31 26.3874393999
257 31 26.5473620587
258 31 32.2812562931
259 31 31.0062056529
260 31 29.0081918303
261 31 27.7684998025
262 31 24.4655960564
263 31 25.887672192
264 31 25.2632662557
265 31 23.3811707408
266 31 23.4772080165
267 31 20.9794689537
268 31 21.0504591314
269 31 20.6460883865
270 31 18.6040700614
271 31 22.2405953479
272 31 19.6600473986
273 31 17.6803654461
274 31 16.3332156516
275 31 15.6326555676
276 31 13.93386716
277 31 20.2699606582
278 31 17.8803555743
279 31 18.0223853077
280 31 16.0016198302
281 31 15.9337217796
282 31 17.0545270092
283 31 15.221907222
284 31 16.220003914
285 31 13.4963150851
286 31 14.6205554621
287 31 11.2691678639
288 31 9.27022895108
289 31 9.31905724825
290 31 13.4440440614
291 31 14.5676193219
292 31 14.3685164496
293 31 10.1361150341
294 31 8.36743257389
295 31 8.79935552598
296 31 8.31960554673
297 31 13.0235177232
298 31 11.5672954719
299 31 12.9033035985
300 31 7.8790559559
301 31 7.7833816078
302 31 13.7158375527
303 31 12.6067656729
304 31 7.96548568255
305 31 8.07798711061
306 31 8.30559054687
307 31 9.80062944866
308 31 12.5637216251
309 31 11.8127077192
310 31 13.1841076745
311 31 14.5266784688
312 31 11.1499074639
313 31 15.3655510932
314 31 18.1534067445
315 31 16.2421103796
0 32 30.7119287271
1 32 30.053178109
2 32 29.3109799433
3 32 30.2922834543
4 32 28.4598750321
5 32 27.466179432
6 32 24.967916344
7 32 24.1153193046
8 32 26.3980896845
9 32 27.7459886986
10 32 26.8318498859
11 32 24.4136415427
12 32 23.4288555102
13 32 25.5155891591
14 32 24.5733092446
15 32 22.1135386267
16 32 20.3963639424
17 32 21.4629326966
18 32 18.1923687003
19 32 16.5239970598
20 32 18.3487633458
21 32 15.8638273745
22 32 15.5000541854
23 32 18.3303143441
24 32 17.2960722082
25 32 16.0485351949
26 32 15.2028965699
27 32 14.1089932968
28 32 12.9419952228
29 32 15.0266700811
30 32 13.6833355371
31 32 12.9338201458
32 32 11.6952825182
33 32 10.6400226216
34 32 8.74682948351
35 32 13.038813146
36 32 10.1792753907
37 32 8.3459643844
38 32 11.476595257
39 32 8.62137350606
40 32 6.2233376002
41 32 7.97908208035
42 32 6.16711636857
43 32 5.92205427658
44 32 9.63199390273
45 32 8.50704458035
46 32 8.83450546703
47 32 6.98215565951
48 32 6.75253975375
49 32 5.24736167744
50 32 7.56746519299
51 32 6.17585212817
52 32 6.56751596455
53 32 4.99503114983
54 32 5.4258028038
55 32 5.54699827424
56 32 5.00022239175
57 32 4.6194398405
58 32 4.29135770028
59 32 6.22898377493
60 32 7.08286535881
61 32 8.54530192059
62 32 7.30630434315
63 32 4.34990418155
64 32 7.30763391887
65 32 4.96770845449
66 32 7.03622081759
67 32 6.49275108892
68 32 8.11082009291
69 32 8.81003071757
70 32 6.24714523035
71 32 8.45040488285
72 32 8.14154913467
73 32 8.30051091642
74 32 10.2615392984
75 32 9.38121459967
76 32 9.78167337044
77 32 12.0253618628
78 32 12.2927205551
79 32 13.1819646382
80 32 9.29641121558
81 32 9.53701143878
82 32 10.3682271115
83 32 10.1574838358
84 32 12.6663349829
85 32 11.2428190254
86 32 11.9530761375
87 32 13.6351435821
88 32 14.0200862975
89 32 14.9322606796
90 32 14.5034624121
91 32 15.2167814768
92 32 16.6206017399
93 32 16.2363886035
94 32 16.8919131216
95 32 18.733179516
96 32 15.5454445888
97 32 18.2298413528
98 32 17.8567642359
99 32 18.5855602346
100 32 20.400018019
101 32 38.4311329943
102 32 36.2468133097
103 32 34.6859964779
104 32 34.7064045022
105 32 34.092910039
106 32 33.5446398081
107 32 31.7017035495
108 32 30.2922834543
109 32 37.3041172122
110 32 35.2019921818
111 32 33.5916385038
112 32 32.9237298544
113 32 30.5492795489
114 32 35.2755535852
115 32 33.6229951292
116 32 30.7119287271
117 32 30.053178109
118 32 29.3109799433
119 32 28.4598750321
120 32 27.7459886986
121 32 25.5155891591
122 32 33.3944214451
123 32 31.735207518
124 32 30.9063836156
125 32 28.5795553004
126 32 27.466179432
127 32 26.8318498859
128 32 24.5733092446
129 32 32.6460530673
130 32 30.9805930817
131 32 31.8205241267
132 32 30.208268351
133 32 30.0522250792
134 32 27.8702317893
135 32 26.966897653
136 32 24.8463287521
137 32 29.6202281572
138 32 24.189475006
139 32 24.967916344
140 32 24.4136415427
141 32 22.1135386267
142 32 21.4629326966
143 32 24.1153193046
144 32 23.4288555102
145 32 18.3303143441
146 32 25.4089500411
147 32 23.396208528
148 32 22.3784434899
149 32 21.4299107904
150 32 19.2299165916
151 32 22.2230146124
152 32 17.2960722082
153 32 18.1923687003
154 32 16.5239970598
155 32 16.0485351949
156 32 13.6833355371
157 32 19.9185342269
158 32 16.7666276528
159 32 15.2028965699
160 32 12.9338201458
161 32 19.6592575531
162 32 17.9789582603
163 32 16.52191724
164 32 15.1120305845
165 32 14.1089932968
166 32 11.6952825182
167 32 11.476595257
168 32 9.63199390273
169 32 12.9419952228
170 32 10.6400226216
171 32 8.50704458035
172 32 15.7987278888
173 32 14.3002873568
174 32 13.0192949327
175 32 11.3997460907
176 32 11.9184317139
177 32 10.4457979341
178 32 13.8129397122
179 32 8.83450546703
180 32 8.74682948351
181 32 8.62137350606
182 32 6.2233376002
183 32 6.98215565951
184 32 6.56751596455
185 32 4.99503114983
186 32 6.22898377493
187 32 11.0882233142
188 32 8.73542211042
189 32 11.8634868773
190 32 11.2015108166
191 32 9.75622991464
192 32 10.179198233
193 32 6.75253975375
194 32 5.4258028038
195 32 7.08286535881
196 32 7.03622081759
197 32 8.30051091642
198 32 5.24736167744
199 32 6.49275108892
200 32 8.91536403796
201 32 8.54530192059
202 32 10.2615392984
203 32 5.54699827424
204 32 7.30630434315
205 32 7.30763391887
206 32 8.11082009291
207 32 9.38121459967
208 32 9.29641121558
209 32 9.53701143878
210 32 11.2428190254
211 32 8.81003071757
212 32 9.78167337044
213 32 10.3682271115
214 32 11.9530761375
215 32 9.00461416849
216 32 11.0975292598
217 32 13.0735999908
218 32 13.6351435821
219 32 12.0253618628
220 32 14.0200862975
221 32 14.9322606796
222 32 16.6206017399
223 32 18.2298413528
224 32 12.2927205551
225 32 14.5034624121
226 32 16.2363886035
227 32 17.8567642359
228 32 13.1819646382
229 32 15.2167814768
230 32 16.8919131216
231 32 18.5855602346
232 32 18.733179516
233 32 20.400018019
234 32 38.4311329943
235 32 37.3041172122
236 32 36.2468133097
237 32 35.2019921818
238 32 35.2755535852
239 32 33.3944214451
240 32 32.6460530673
241 32 31.8205241267
242 32 34.6859964779
243 32 33.5916385038
244 32 33.6229951292
245 32 31.735207518
246 32 30.9805930817
247 32 30.208268351
248 32 29.6202281572
249 32 34.7064045022
250 32 30.0522250792
251 32 34.092910039
252 32 32.9237298544
253 32 30.9063836156
254 32 33.5446398081
255 32 27.8702317893
256 32 25.4089500411
257 32 26.3980896845
258 32 31.7017035495
259 32 30.5492795489
260 32 28.5795553004
261 32 26.966897653
262 32 23.396208528
263 32 24.8463287521
264 32 24.189475006
265 32 22.3784434899
266 32 22.2230146124
267 32 19.9185342269
268 32 19.6592575531
269 32 20.3963639424
270 32 18.3487633458
271 32 21.4299107904
272 32 17.9789582603
273 32 15.7987278888
274 32 15.8638273745
275 32 15.0266700811
276 32 13.038813146
277 32 19.2299165916
278 32 16.7666276528
279 32 16.52191724
280 32 14.3002873568
281 32 15.5000541854
282 32 15.1120305845
283 32 13.0192949327
284 32 13.8129397122
285 32 11.0882233142
286 32 11.8634868773
287 32 10.1792753907
288 32 7.97908208035
289 32 7.56746519299
290 32 11.3997460907
291 32 11.9184317139
292 32 11.2015108166
293 32 8.3459643844
294 32 6.16711636857
295 32 6.17585212817
296 32 5.00022239175
297 32 10.4457979341
298 32 8.73542211042
299 32 9.75622991464
300 32 5.92205427658
301 32 4.6194398405
302 32 10.179198233
303 32 8.91536403796
304 32 4.29135770028
305 32 4.34990418155
306 32 4.96770845449
307 32 6.24714523035
308 32 9.00461416849
309 32 8.45040488285
310 32 10.1574838358
311 32 11.0975292598
312 32 8.14154913467
313 32 12.6663349829
314 32 15.5454445888
315 32 13.0735999908
0 33 31.4708485368
1 33 30.8007315259
2 33 30.2804158671
3 33 31.4335324256
4 33 29.4021245608
5 33 28.2269332688
6 33 25.6223652982
7 33 25.0149550241
8 33 27.6763414443
9 33 28.471714785
10 33 27.3604665449
11 33 24.8075162476
12 33 24.0704971345
13 33 26.3789430723
14 33 25.2289354121
15 33 22.6362596984
16 33 21.8496957018
17 33 21.7795031109
18 33 18.6040817392
19 33 17.4176762386
20 33 20.0886947829
21 33 17.5342169435
22 33 17.5459801643
23 33 19.0167871986
24 33 17.4691789195
25 33 16.5397389077
26 33 15.754594611
27 33 14.2593928171
28 33 13.3912370163
29 33 16.3481825623
30 33 14.4060003251
31 33 13.7351586639
32 33 12.0556176763
33 33 11.3724123467
34 33 9.0743606162
35 33 14.6889278144
36 33 12.2623735894
37 33 10.2437245776
38 33 11.3220331482
39 33 8.25124155803
40 33 6.69325223734
41 33 10.5188692101
42 33 8.57582626148
43 33 9.01474282112
44 33 9.40031989596
45 33 8.6904494656
46 33 7.85382746686
47 33 6.45134989439
48 33 4.97098833661
49 33 4.0297299563
50 33 9.54186099461
51 33 7.77511057492
52 33 5.37432577488
53 33 4.32005096785
54 33 3.06534734628
55 33 2.63736853553
56 33 6.93948883428
57 33 7.42811518938
58 33 6.23026720904
59 33 4.27058192989
60 33 3.98109619993
61 33 5.26416541717
62 33 3.9107202747
63 33 5.00472496222
64 33 3.88050857254
65 33 6.27605905747
66 33 4.09971214749
67 33 4.36406233125
68 33 5.41425373694
69 33 6.76460470608
70 33 6.83882446946
71 33 8.48593829778
72 33 8.51447715355
73 33 4.82476285686
74 33 6.9775462225
75 33 6.21422136445
76 33 7.13477318238
77 33 9.00744091024
78 33 9.79050262665
79 33 10.5765568141
80 33 6.49224254311
81 33 7.20614535174
82 33 8.54918544189
83 33 10.0608889609
84 33 12.3258126391
85 33 8.58735925511
86 33 9.73818684989
87 33 11.143971834
88 33 11.3938528667
89 33 12.5594737961
90 33 12.3217606093
91 33 12.89892245
92 33 14.3922752884
93 33 14.1852349366
94 33 14.7069270589
95 33 16.6252818268
96 33 14.6848047731
97 33 15.8138168749
98 33 15.5987533773
99 33 16.2245655247
100 33 18.1241611901
101 33 39.499198889
102 33 37.1678801201
103 33 35.6897350645
104 33 35.8837545428
105 33 35.4196658877
106 33 34.9445442921
107 33 32.9606665329
108 33 31.4335324256
109 33 38.2874130222
110 33 36.0262986772
111 33 34.4982770581
112 33 34.1656597989
113 33 31.713721267
114 33 35.9016106021
115 33 34.3232539883
116 33 31.4708485368
117 33 30.8007315259
118 33 30.2804158671
119 33 29.4021245608
120 33 28.471714785
121 33 26.3789430723
122 33 34.0290647012
123 33 32.448917652
124 33 31.9781298411
125 33 29.5528092538
126 33 28.2269332688
127 33 27.3604665449
128 33 25.2289354121
129 33 33.1119759147
130 33 31.5191103237
131 33 32.3243566602
132 33 30.7876071556
133 33 30.8373799002
134 33 28.699848175
135 33 27.8086234766
136 33 25.6305428802
137 33 29.9790026428
138 33 24.7135748673
139 33 25.6223652982
140 33 24.8075162476
141 33 22.6362596984
142 33 21.7795031109
143 33 25.0149550241
144 33 24.0704971345
145 33 19.0167871986
146 33 26.3191317923
147 33 24.4831109565
148 33 23.2492989085
149 33 22.5275705695
150 33 20.1729832818
151 33 22.8869014928
152 33 17.4691789195
153 33 18.6040817392
154 33 17.4176762386
155 33 16.5397389077
156 33 14.4060003251
157 33 20.6604182504
158 33 17.568411284
159 33 15.754594611
160 33 13.7351586639
161 33 20.4368047914
162 33 18.8639556148
163 33 17.3659070449
164 33 15.9102814474
165 33 14.2593928171
166 33 12.0556176763
167 33 11.3220331482
168 33 9.40031989596
169 33 13.3912370163
170 33 11.3724123467
171 33 8.6904494656
172 33 16.6420096579
173 33 15.0947009885
174 33 13.7483245935
175 33 12.4217630336
176 33 12.7704583205
177 33 11.0449668882
178 33 14.1130543228
179 33 7.85382746686
180 33 9.0743606162
181 33 8.25124155803
182 33 6.69325223734
183 33 6.45134989439
184 33 5.37432577488
185 33 4.32005096785
186 33 4.27058192989
187 33 11.4968864583
188 33 8.882539722
189 33 12.2652569574
190 33 11.6914179863
191 33 9.91163155025
192 33 10.2948722791
193 33 4.97098833661
194 33 3.06534734628
195 33 3.98109619993
196 33 4.09971214749
197 33 4.82476285686
198 33 4.0297299563
199 33 4.36406233125
200 33 8.78760662929
201 33 5.26416541717
202 33 6.9775462225
203 33 2.63736853553
204 33 3.9107202747
205 33 3.88050857254
206 33 5.41425373694
207 33 6.21422136445
208 33 6.49224254311
209 33 7.20614535174
210 33 8.58735925511
211 33 6.76460470608
212 33 7.13477318238
213 33 8.54918544189
214 33 9.73818684989
215 33 8.2467993462
216 33 10.1459789237
217 33 12.0061382582
218 33 11.143971834
219 33 9.00744091024
220 33 11.3938528667
221 33 12.5594737961
222 33 14.3922752884
223 33 15.8138168749
224 33 9.79050262665
225 33 12.3217606093
226 33 14.1852349366
227 33 15.5987533773
228 33 10.5765568141
229 33 12.89892245
230 33 14.7069270589
231 33 16.2245655247
232 33 16.6252818268
233 33 18.1241611901
234 33 39.499198889
235 33 38.2874130222
236 33 37.1678801201
237 33 36.0262986772
238 33 35.9016106021
239 33 34.0290647012
240 33 33.1119759147
241 33 32.3243566602
242 33 35.6897350645
243 33 34.4982770581
244 33 34.3232539883
245 33 32.448917652
246 33 31.5191103237
247 33 30.7876071556
248 33 29.9790026428
249 33 35.8837545428
250 33 30.8373799002
251 33 35.4196658877
252 33 34.1656597989
253 33 31.9781298411
254 33 34.9445442921
255 33 28.699848175
256 33 26.3191317923
257 33 27.6763414443
258 33 32.9606665329
259 33 31.713721267
260 33 29.5528092538
261 33 27.8086234766
262 33 24.4831109565
263 33 25.6305428802
264 33 24.7135748673
265 33 23.2492989085
266 33 22.8869014928
267 33 20.6604182504
268 33 20.4368047914
269 33 21.8496957018
270 33 20.0886947829
271 33 22.5275705695
272 33 18.8639556148
273 33 16.6420096579
274 33 17.5342169435
275 33 16.3481825623
276 33 14.6889278144
277 33 20.1729832818
278 33 17.568411284
279 33 17.3659070449
280 33 15.0947009885
281 33 17.5459801643
282 33 15.9102814474
283 33 13.7483245935
284 33 14.1130543228
285 33 11.4968864583
286 33 12.2652569574
287 33 12.2623735894
288 33 10.5188692101
289 33 9.54186099461
290 33 12.4217630336
291 33 12.7704583205
292 33 11.6914179863
293 33 10.2437245776
294 33 8.57582626148
295 33 7.77511057492
296 33 6.93948883428
297 33 11.0449668882
298 33 8.882539722
299 33 9.91163155025
300 33 9.01474282112
301 33 7.42811518938
302 33 10.2948722791
303 33 8.78760662929
304 33 6.23026720904
305 33 5.00472496222
306 33 6.27605905747
307 33 6.83882446946
308 33 8.2467993462
309 33 8.48593829778
310 33 10.0608889609
311 33 10.1459789237
312 33 8.51447715355
313 33 12.3258126391
314 33 14.6848047731
315 33 12.0061382582
0 35 35.6835306378
1 35 34.9668945695
2 35 34.2593015807
3 35 35.3339298096
4 35 33.4598397662
5 35 32.4538486019
6 35 29.9181824996
7 35 29.1340470689
8 35 31.4879646003
9 35 32.6904634207
10 35 31.7496388049
11 35 29.2738246622
12 35 28.3793140056
13 35 30.5029491165
14 35 29.5380606683
15 35 27.0277193349
16 35 25.4899461974
17 35 26.2645446471
18 35 23.0096608306
19 35 21.4998341633
20 35 23.4264976623
21 35 20.9588955088
22 35 20.5432826942
23 35 23.3005411393
24 35 22.1061152959
25 35 20.9341918028
26 35 20.152222603
27 35 18.8732322585
28 35 17.8418508615
29 35 20.122117434
30 35 18.6427110703
31 35 17.9415666925
32 35 16.5392544363
33 35 15.6102076637
34 35 13.5519714302
35 35 18.1312311952
36 35 15.232404236
37 35 13.3239978707
38 35 16.0596462657
39 35 13.0732429074
40 35 11.0052910757
41 35 12.9349077816
42 35 11.0065761797
43 35 10.4908679308
44 35 14.2116615148
45 35 13.2388451817
46 35 12.9634183687
47 35 11.3281999286
48 35 10.2272391416
49 35 8.86873292128
50 35 12.5739306947
51 35 10.8831824205
52 35 10.4643187556
53 35 9.04186055132
54 35 8.10347169251
55 35 6.11302833212
56 35 9.08471376156
57 35 8.41101734594
58 35 6.70333102119
59 35 9.48237609092
60 35 8.9835522215
61 35 9.20761775822
62 35 7.36833224748
63 35 6.30482939312
64 35 6.28405383175
65 35 5.01676430335
66 35 7.83890510492
67 35 6.79822317041
68 35 6.93530392691
69 35 7.36553900244
70 35 6.42330381045
71 35 7.38205052631
72 35 6.14786418288
73 35 8.49560492896
74 35 9.47611848016
75 35 7.8521982355
76 35 7.9782485085
77 35 9.71653551613
78 35 8.69529174333
79 35 9.37904618272
80 35 6.74221015282
81 35 7.03389710892
82 35 7.76805898307
83 35 7.90366298246
84 35 9.54302092712
85 35 8.83858082228
86 35 9.42958355578
87 35 11.296781632
88 35 11.1550103471
89 35 11.5596297379
90 35 10.6262525542
91 35 11.1275538928
92 35 13.0392156954
93 35 12.2192982356
94 35 12.6780463445
95 35 14.3997622177
96 35 12.1908398817
97 35 14.5935554526
98 35 13.8355688249
99 35 14.4113559627
100 35 16.107447767
101 35 43.5155290382
102 35 41.3218955309
103 35 39.7647636838
104 35 39.79064086
105 35 39.18888615
106 35 38.6223956425
107 35 36.7959873419
108 35 35.3339298096
109 35 42.3873241572
110 35 40.2652037458
111 35 38.6646487181
112 35 38.0243747383
113 35 35.6460932144
114 35 40.3005840199
115 35 38.6617213413
116 35 35.6835306378
117 35 34.9668945695
118 35 34.2593015807
119 35 33.4598397662
120 35 32.6904634207
121 35 30.5029491165
122 35 38.419083724
123 35 36.7751616007
124 35 35.9974702768
125 35 33.6587090228
126 35 32.4538486019
127 35 31.7496388049
128 35 29.5380606683
129 35 37.6280251616
130 35 35.9770919946
131 35 36.8031731745
132 35 35.1982638889
133 35 35.0735946782
134 35 32.8763930228
135 35 32.0065691759
136 35 29.8426798661
137 35 34.5488699403
138 35 29.1249786994
139 35 29.9181824996
140 35 29.2738246622
141 35 27.0277193349
142 35 26.2645446471
143 35 29.1340470689
144 35 28.3793140056
145 35 23.3005411393
146 35 30.4348588633
147 35 28.4268546506
148 35 27.3970566996
149 35 26.5011540611
150 35 24.2559351043
151 35 27.1550082597
152 35 22.1061152959
153 35 23.0096608306
154 35 21.4998341633
155 35 20.9341918028
156 35 18.6427110703
157 35 24.9062662722
158 35 21.758920231
159 35 20.152222603
160 35 17.9415666925
161 35 24.5837264995
162 35 22.8334088809
163 35 21.4383689501
164 35 19.8657414655
165 35 18.8732322585
166 35 16.5392544363
167 35 16.0596462657
168 35 14.2116615148
169 35 17.8418508615
170 35 15.6102076637
171 35 13.2388451817
172 35 20.5809089692
173 35 19.1567356964
174 35 17.6530067191
175 35 16.1899385396
176 35 16.2821902037
177 35 14.8573180583
178 35 18.1942356795
179 35 12.9634183687
180 35 13.5519714302
181 35 13.0732429074
182 35 11.0052910757
183 35 11.3281999286
184 35 10.4643187556
185 35 9.04186055132
186 35 9.48237609092
187 35 15.5484952218
188 35 12.8301678309
189 35 16.0305282632
190 35 14.9212418289
191 35 13.4505813028
192 35 13.0340090638
193 35 10.2272391416
194 35 8.10347169251
195 35 8.9835522215
196 35 7.83890510492
197 35 8.49560492896
198 35 8.86873292128
199 35 6.79822317041
200 35 10.9483572517
201 35 9.20761775822
202 35 9.47611848016
203 35 6.11302833212
204 35 7.36833224748
205 35 6.28405383175
206 35 6.93530392691
207 35 7.8521982355
208 35 6.74221015282
209 35 7.03389710892
210 35 8.83858082228
211 35 7.36553900244
212 35 7.9782485085
213 35 7.76805898307
214 35 9.42958355578
215 35 9.08263641337
216 35 10.267408755
217 35 11.1590026186
218 35 11.296781632
219 35 9.71653551613
220 35 11.1550103471
221 35 11.5596297379
222 35 13.0392156954
223 35 14.5935554526
224 35 8.69529174333
225 35 10.6262525542
226 35 12.2192982356
227 35 13.8355688249
228 35 9.37904618272
229 35 11.1275538928
230 35 12.6780463445
231 35 14.4113559627
232 35 14.3997622177
233 35 16.107447767
234 35 43.5155290382
235 35 42.3873241572
236 35 41.3218955309
237 35 40.2652037458
238 35 40.3005840199
239 35 38.419083724
240 35 37.6280251616
241 35 36.8031731745
242 35 39.7647636838
243 35 38.6646487181
244 35 38.6617213413
245 35 36.7751616007
246 35 35.9770919946
247 35 35.1982638889
248 35 34.5488699403
249 35 39.79064086
250 35 35.0735946782
251 35 39.18888615
252 35 38.0243747383
253 35 35.9974702768
254 35 38.6223956425
255 35 32.8763930228
256 35 30.4348588633
257 35 31.4879646003
258 35 36.7959873419
259 35 35.6460932144
260 35 33.6587090228
261 35 32.0065691759
262 35 28.4268546506
263 35 29.8426798661
264 35 29.1249786994
265 35 27.3970566996
266 35 27.1550082597
267 35 24.9062662722
268 35 24.5837264995
269 35 25.4899461974
270 35 23.4264976623
271 35 26.5011540611
272 35 22.8334088809
273 35 20.5809089692
274 35 20.9588955088
275 35 20.122117434
276 35 18.1312311952
277 35 24.2559351043
278 35 21.758920231
279 35 21.4383689501
280 35 19.1567356964
281 35 20.5432826942
282 35 19.8657414655
283 35 17.6530067191
284 35 18.1942356795
285 35 15.5484952218
286 35 16.0305282632
287 35 15.232404236
288 35 12.9349077816
289 35 12.5739306947
290 35 16.1899385396
291 35 16.2821902037
292 35 14.9212418289
293 35 13.3239978707
294 35 11.0065761797
295 35 10.8831824205
296 35 9.08471376156
297 35 14.8573180583
298 35 12.8301678309
299 35 13.4505813028
300 35 10.4908679308
301 35 8.41101734594
302 35 13.0340090638
303 35 10.9483572517
304 35 6.70333102119
305 35 6.30482939312
306 35 5.01676430335
307 35 6.42330381045
308 35 9.08263641337
309 35 7.38205052631
310 35 7.90366298246
311 35 10.267408755
312 35 6.14786418288
313 35 9.54302092712
314 35 12.1908398817
315 35 11.1590026186
0 36 35.7991365878
1 36 35.246882696
2 36 34.6393948529
3 36 35.5438776038
4 36 33.659810066
5 36 32.5050400869
6 36 29.9731477763
7 36 29.2093623714
8 36 31.5306195463
9 36 32.8556484086
10 36 31.7611429802
11 36 29.2857311857
12 36 28.4109998443
13 36 30.6662931032
14 36 29.5362838117
15 36 27.0251595253
16 36 25.6066028694
17 36 26.3368494986
18 36 23.1466291225
19 36 21.703339018
20 36 23.6890977972
21 36 21.1000629358
22 36 20.871421307
23 36 23.2782597025
24 36 21.8694829466
25 36 20.9432315567
26 36 19.9152612722
27 36 18.7345499134
28 36 17.6105481452
29 36 20.0604952852
30 36 18.6602904827
31 36 17.6828327576
32 36 16.3892832404
33 36 15.3543332763
34 36 13.2984171209
35 36 18.0704900033
36 36 15.3415553787
37 36 13.0484940549
38 36 15.9354137184
39 36 12.8477683965
40 36 10.9070485598
41 36 13.2402541628
42 36 10.8873461133
43 36 10.8559986536
44 36 13.7739209221
45 36 12.6503713595
46 36 12.0316327305
47 36 10.6868137736
48 36 9.16139179684
49 36 7.70204542548
50 36 12.4148629665
51 36 10.1914593741
52 36 10.1011157525
53 36 8.19655498589
54 36 6.67452837777
55 36 3.9981110616
56 36 8.21599690254
57 36 8.13145770453
58 36 5.69576450826
59 36 8.26895606036
60 36 7.2539087878
61 36 6.69115120666
62 36 5.09313296231
63 36 4.50442746876
64 36 4.63583988794
65 36 3.79700173229
66 36 5.2712722648
67 36 3.72640808707
68 36 3.76417583032
69 36 3.68969482307
70 36 4.02749560478
71 36 4.4160225011
72 36 3.95788191523
73 36 6.15964169203
74 36 6.60598225996
75 36 5.21110361364
76 36 4.73741880922
77 36 7.04236794066
78 36 6.88462772291
79 36 8.2124848955
80 36 4.47734125134
81 36 3.96087087891
82 36 4.45506833989
83 36 5.255157824
84 36 7.28522812475
85 36 5.85153782121
86 36 6.19105273152
87 36 8.06523130186
88 36 8.38090328058
89 36 9.066445471
90 36 8.67920756208
91 36 9.69134957981
92 36 10.6576752705
93 36 10.3301574213
94 36 11.2170478546
95 36 13.0295532191
96 36 9.77336043514
97 36 12.3575829267
98 36 12.0414686194
99 36 12.9980607387
100 36 14.766146334
101 36 43.0482216021
102 36 40.8685621356
103 36 39.2897982981
104 36 39.3404362134
105 36 38.9033074123
106 36 38.2432225371
107 36 36.4662778879
108 36 35.5438776038
109 36 41.9680516391
110 36 39.8636544612
111 36 38.2425270285
112 36 37.7972961695
113 36 35.3775733132
114 36 39.8259060597
115 36 38.1628866429
116 36 35.7991365878
117 36 35.246882696
118 36 34.6393948529
119 36 33.659810066
120 36 32.8556484086
121 36 30.6662931032
122 36 37.9788310206
123 36 36.3110123925
124 36 35.7371191759
125 36 33.3523420818
126 36 32.5050400869
127 36 31.7611429802
128 36 29.5362838117
129 36 37.0423716105
130 36 35.3600291866
131 36 36.0893914376
132 36 34.4470593539
133 36 34.3476660477
134 36 32.0885687094
135 36 31.3926027402
136 36 29.0605760064
137 36 33.7046573746
138 36 28.2292989237
139 36 29.9731477763
140 36 29.2857311857
141 36 27.0251595253
142 36 26.3368494986
143 36 29.2093623714
144 36 28.4109998443
145 36 23.2782597025
146 36 29.7399876523
147 36 27.7684443062
148 36 26.7188596301
149 36 26.0663848383
150 36 23.6444588217
151 36 26.2172007263
152 36 21.8694829466
153 36 23.1466291225
154 36 21.703339018
155 36 20.9432315567
156 36 18.6602904827
157 36 24.1875432395
158 36 21.1086962887
159 36 19.9152612722
160 36 17.6828327576
161 36 23.6474470301
162 36 21.7747606963
163 36 20.539160322
164 36 18.6830627351
165 36 18.7345499134
166 36 16.3892832404
167 36 15.9354137184
168 36 13.7739209221
169 36 17.6105481452
170 36 15.3543332763
171 36 12.6503713595
172 36 19.4330559708
173 36 18.1804338271
174 36 16.350290625
175 36 15.2051925289
176 36 14.7502637846
177 36 13.3873359943
178 36 16.5302892927
179 36 12.0316327305
180 36 13.2984171209
181 36 12.8477683965
182 36 10.9070485598
183 36 10.6868137736
184 36 10.1011157525
185 36 8.19655498589
186 36 8.26895606036
187 36 14.0916309269
188 36 11.1449124235
189 36 14.237225826
190 36 12.8499582539
191 36 11.3761332643
192 36 10.4753503541
193 36 9.16139179684
194 36 6.67452837777
195 36 7.2539087878
196 36 5.2712722648
197 36 6.15964169203
198 36 7.70204542548
199 36 3.72640808707
200 36 8.09931479012
201 36 6.69115120666
202 36 6.60598225996
203 36 3.9981110616
204 36 5.09313296231
205 36 4.63583988794
206 36 3.76417583032
207 36 5.21110361364
208 36 4.47734125134
209 36 3.96087087891
210 36 5.85153782121
211 36 3.68969482307
212 36 4.73741880922
213 36 4.45506833989
214 36 6.19105273152
215 36 5.5772991123
216 36 6.6390028969
217 36 7.74832379063
218 36 8.06523130186
219 36 7.04236794066
220 36 8.38090328058
221 36 9.066445471
222 36 10.6576752705
223 36 12.3575829267
224 36 6.88462772291
225 36 8.67920756208
226 36 10.3301574213
227 36 12.0414686194
228 36 8.2124848955
229 36 9.69134957981
230 36 11.2170478546
231 36 12.9980607387
232 36 13.0295532191
233 36 14.766146334
234 36 43.0482216021
235 36 41.9680516391
236 36 40.8685621356
237 36 39.8636544612
238 36 39.8259060597
239 36 37.9788310206
240 36 37.0423716105
241 36 36.0893914376
242 36 39.2897982981
243 36 38.2425270285
244 36 38.1628866429
245 36 36.3110123925
246 36 35.3600291866
247 36 34.4470593539
248 36 33.7046573746
249 36 39.3404362134
250 36 34.3476660477
251 36 38.9033074123
252 36 37.7972961695
253 36 35.7371191759
254 36 38.2432225371
255 36 32.0885687094
256 36 29.7399876523
257 36 31.5306195463
258 36 36.4662778879
259 36 35.3775733132
260 36 33.3523420818
261 36 31.3926027402
262 36 27.7684443062
263 36 29.0605760064
264 36 28.2292989237
265 36 26.7188596301
266 36 26.2172007263
267 36 24.1875432395
268 36 23.6474470301
269 36 25.6066028694
270 36 23.6890977972
271 36 26.0663848383
272 36 21.7747606963
273 36 19.4330559708
274 36 21.1000629358
275 36 20.0604952852
276 36 18.0704900033
277 36 23.6444588217
278 36 21.1086962887
279 36 20.539160322
280 36 18.1804338271
281 36 20.871421307
282 36 18.6830627351
283 36 16.350290625
284 36 16.5302892927
285 36 14.0916309269
286 36 14.237225826
287 36 15.3415553787
288 36 13.2402541628
289 36 12.4148629665
290 36 15.2051925289
291 36 14.7502637846
292 36 12.8499582539
293 36 13.0484940549
294 36 10.8873461133
295 36 10.1914593741
296 36 8.21599690254
297 36 13.3873359943
298 36 11.1449124235
299 36 11.3761332643
300 36 10.8559986536
301 36 8.13145770453
302 36 10.4753503541
303 36 8.09931479012
304 36 5.69576450826
305 36 4.50442746876
306 36 3.79700173229
307 36 4.02749560478
308 36 5.5772991123
309 36 4.4160225011
310 36 5.255157824
311 36 6.6390028969
312 36 3.95788191523
313 36 7.28522812475
314 36 9.77336043514
315 36 7.74832379063
0 101 27.7743971504
1 101 27.7442472977
2 101 26.9499123395
3 101 26.9372276216
4 101 25.5741148767
5 101 24.4919297769
6 101 22.4119373732
7 101 21.1925606649
8 101 22.4107948019
9 101 25.2260687693
10 101 24.2457330618
11 101 22.3017437756
12 101 20.9506817238
13 101 22.8690448318
14 101 21.8446376791
15 101 19.8943141964
16 101 16.8655088671
17 101 20.0233992619
18 101 17.2297567718
19 101 15.1019805784
20 101 15.0910514535
21 101 12.6988789596
22 101 12.4340125725
23 101 16.1694618564
24 101 15.6229433545
25 101 14.8307735466
26 101 13.0925818487
27 101 13.5060528289
28 101 11.6688942338
29 101 11.9486545317
30 101 12.5709714226
31 101 10.768965963
32 101 11.3370495875
33 101 9.5014326648
34 101 9.41989145656
35 101 9.76624127532
36 101 7.90909421823
37 101 5.88078508897
38 101 12.3303656976
39 101 10.7299594382
40 101 8.92191431699
41 101 7.15857317291
42 101 5.62184411151
43 101 6.60250990133
44 101 10.2936367637
45 101 8.41852361756
46 101 9.79552085718
47 101 9.07812854094
48 101 9.94397910795
49 101 8.64931934647
50 101 6.13492008366
51 101 4.95017700476
52 101 10.6597842822
53 101 8.49995020401
54 101 9.81642300279
55 101 11.1253983539
56 101 5.00022239175
57 101 6.02410388953
58 101 7.1306766495
59 101 9.74568953126
60 101 11.2236007807
61 101 12.229730929
62 101 12.4606095405
63 101 7.76091961337
64 101 13.8490802874
65 101 9.41326866385
66 101 11.0498653353
67 101 10.4277001514
68 101 12.8241567867
69 101 12.5106456042
70 101 8.78213630777
71 101 10.4601535279
72 101 11.6460980755
73 101 12.8924791557
74 101 14.2603866346
75 101 14.5398486528
76 101 14.1176188816
77 101 16.7662923332
78 101 18.2721345067
79 101 19.8278016712
80 101 15.3208404514
81 101 14.5163528883
82 101 14.4047237013
83 101 12.7387702037
84 101 15.5605826397
85 101 15.7192267804
86 101 15.6139411285
87 101 16.7757433169
88 101 18.1756746757
89 101 19.32441021
90 101 19.7586295623
91 101 21.1712320227
92 101 20.7894107939
93 101 21.1935866036
94 101 22.5278080104
95 101 24.2563066057
96 101 18.1596947275
97 101 22.5486548527
98 101 22.9035226149
99 101 24.2435140818
100 101 25.9568228315
101 101 32.6721531449
102 101 30.8655796896
103 101 29.112589348
104 101 28.877924102
105 101 28.5370127594
106 101 27.5606208149
107 101 26.2010077088
108 101 26.9372276216
109 101 31.8854065525
110 101 30.2092232633
111 101 28.414557297
112 101 27.7591597848
113 101 25.481712268
114 101 30.4442871047
115 101 28.610622336
116 101 27.7743971504
117 101 27.7442472977
118 101 26.9499123395
119 101 25.5741148767
120 101 25.2260687693
121 101 22.8690448318
122 101 28.7173008843
123 101 26.8736181979
124 101 26.0361783381
125 101 23.8522374243
126 101 24.4919297769
127 101 24.2457330618
128 101 21.8446376791
129 101 27.8685039788
130 101 26.0049582437
131 101 26.5712320435
132 101 24.7304683699
133 101 24.2315558999
134 101 21.8255628719
135 101 21.5253443222
136 101 19.0467119477
137 101 24.3319569459
138 101 18.6063835373
139 101 22.4119373732
140 101 22.3017437756
141 101 19.8943141964
142 101 20.0233992619
143 101 21.1925606649
144 101 20.9506817238
145 101 16.1694618564
146 101 19.6147042846
147 101 17.4593309247
148 101 16.9040948853
149 101 16.4333973682
150 101 14.1118019722
151 101 16.2888723929
152 101 15.6229433545
153 101 17.2297567718
154 101 15.1019805784
155 101 14.8307735466
156 101 12.5709714226
157 101 14.7867165361
158 101 12.1415960625
159 101 13.0925818487
160 101 10.768965963
161 101 13.6483208114
162 101 11.3854232076
163 101 10.824212426
164 101 8.56922944674
165 101 13.5060528289
166 101 11.3370495875
167 101 12.3303656976
168 101 10.2936367637
169 101 11.6688942338
170 101 9.5014326648
171 101 8.41852361756
172 101 9.18503899516
173 101 8.77885304535
174 101 6.55289877937
175 101 6.0076248816
176 101 4.30589741762
177 101 4.60916783698
178 101 7.02994722724
179 101 9.79552085718
180 101 9.41989145656
181 101 10.7299594382
182 101 8.92191431699
183 101 9.07812854094
184 101 10.6597842822
185 101 8.49995020401
186 101 9.74568953126
187 101 5.61670062215
188 101 4.85772795267
189 101 4.78867989334
190 101 3.27357220657
191 101 4.0080479266
192 101 4.22547040842
193 101 9.94397910795
194 101 9.81642300279
195 101 11.2236007807
196 101 11.0498653353
197 101 12.8924791557
198 101 8.64931934647
199 101 10.4277001514
200 101 5.80910795622
201 101 12.229730929
202 101 14.2603866346
203 101 11.1253983539
204 101 12.4606095405
205 101 13.8490802874
206 101 12.8241567867
207 101 14.5398486528
208 101 15.3208404514
209 101 14.5163528883
210 101 15.7192267804
211 101 12.5106456042
212 101 14.1176188816
213 101 14.4047237013
214 101 15.6139411285
215 101 9.3132322628
216 101 11.3452522701
217 101 14.1093058611
218 101 16.7757433169
219 101 16.7662923332
220 101 18.1756746757
221 101 19.32441021
222 101 20.7894107939
223 101 22.5486548527
224 101 18.2721345067
225 101 19.7586295623
226 101 21.1935866036
227 101 22.9035226149
228 101 19.8278016712
229 101 21.1712320227
230 101 22.5278080104
231 101 24.2435140818
232 101 24.2563066057
233 101 25.9568228315
234 101 32.6721531449
235 101 31.8854065525
236 101 30.8655796896
237 101 30.2092232633
238 101 30.4442871047
239 101 28.7173008843
240 101 27.8685039788
241 101 26.5712320435
242 101 29.112589348
243 101 28.414557297
244 101 28.610622336
245 101 26.8736181979
246 101 26.0049582437
247 101 24.7304683699
248 101 24.3319569459
249 101 28.877924102
250 101 24.2315558999
251 101 28.5370127594
252 101 27.7591597848
253 101 26.0361783381
254 101 27.5606208149
255 101 21.8255628719
256 101 19.6147042846
257 101 22.4107948019
258 101 26.2010077088
259 101 25.481712268
260 101 23.8522374243
261 101 21.5253443222
262 101 17.4593309247
263 101 19.0467119477
264 101 18.6063835373
265 101 16.9040948853
266 101 16.2888723929
267 101 14.7867165361
268 101 13.6483208114
269 101 16.8655088671
270 101 15.0910514535
271 101 16.4333973682
272 101 11.3854232076
273 101 9.18503899516
274 101 12.6988789596
275 101 11.9486545317
276 101 9.76624127532
277 101 14.1118019722
278 101 12.1415960625
279 101 10.824212426
280 101 8.77885304535
281 101 12.4340125725
282 101 8.56922944674
283 101 6.55289877937
284 101 7.02994722724
285 101 5.61670062215
286 101 4.78867989334
287 101 7.90909421823
288 101 7.15857317291
289 101 6.13492008366
290 101 6.0076248816
291 101 4.30589741762
292 101 3.27357220657
293 101 5.88078508897
294 101 5.62184411151
295 101 4.95017700476
296 101 5.00022239175
297 101 4.60916783698
298 101 4.85772795267
299 101 4.0080479266
300 101 6.60250990133
301 101 6.02410388953
302 101 4.22547040842
303 101 5.80910795622
304 101 7.1306766495
305 101 7.76091961337
306 101 9.41326866385
307 101 8.78213630777
308 101 9.3132322628
309 101 10.4601535279
310 101 12.7387702037
311 101 11.3452522701
312 101 11.6460980755
313 101 15.5605826397
314 101 18.1596947275
315 101 14.1093058611
0 102 29.5525799824
1 102 29.4084936493
2 102 28.4162842796
3 102 28.4168552239
4 102 27.1863639914
5 102 26.3141835013
6 102 24.2810702237
7 102 22.9165933214
8 102 23.9106074583
9 102 26.9823977179
10 102 26.2120088234
11 102 24.3161554431
12 102 22.8387585548
13 102 24.5489034274
14 102 23.7563094165
15 102 21.8552415763
16 102 18.1846919091
17 102 21.9923158705
18 102 19.0623698198
19 102 16.6567473403
20 102 16.0531319882
21 102 13.799490815
22 102 13.0176220332
23 102 18.0451354882
24 102 17.8438947424
25 102 16.7075150725
26 102 15.1617386398
27 102 15.5413150898
28 102 13.6805301092
29 102 13.4813414163
30 102 14.2899524363
31 102 12.7050166959
32 102 13.2148366341
33 102 11.3249828399
34 102 11.1217247162
35 102 11.0154388077
36 102 8.48449044767
37 102 6.82312545923
38 102 14.2322072461
39 102 12.4300050723
40 102 10.0739939392
41 102 6.89959200775
42 102 5.52294596946
43 102 5.21936103454
44 102 12.3116027861
45 102 10.4097523967
46 102 12.0517815951
47 102 10.8113003305
48 102 11.6853291284
49 102 10.0387112364
50 102 6.82520641862
51 102 5.99908756131
52 102 12.0714951921
53 102 9.77418827501
54 102 11.0833281483
55 102 11.8104398974
56 102 5.02999295138
57 102 4.6194398405
58 102 6.17492928592
59 102 11.3555033758
60 102 12.7722592469
61 102 13.7869691329
62 102 13.4782113677
63 102 7.62879184172
64 102 14.4409562696
65 102 8.23219395638
66 102 12.2824478435
67 102 11.215914289
68 102 13.5074793411
69 102 13.0413132468
70 102 8.16640184902
71 102 9.92647070601
72 102 10.5469141141
73 102 14.1908634067
74 102 15.5523638045
75 102 15.3559690042
76 102 14.807847413
77 102 17.5641495835
78 102 18.390053563
79 102 19.8940415009
80 102 15.6732300407
81 102 14.8187073943
82 102 14.5578930302
83 102 11.9278188262
84 102 14.6576778943
85 102 16.3247934253
86 102 16.0862221878
87 102 17.5686755105
88 102 18.7816971144
89 102 19.6416957283
90 102 19.7416518406
91 102 21.1153602403
92 102 21.0042848001
93 102 21.0977365143
94 102 22.3999219677
95 102 24.0600079018
96 102 17.5966616605
97 102 22.865655881
98 102 22.9332449835
99 102 24.2367149143
100 102 25.8783350698
101 102 34.5675693981
102 102 32.8774795864
103 102 31.0837146031
104 102 30.6987094453
105 102 30.1549656536
106 102 29.1599876561
107 102 27.9132450365
108 102 28.4168552239
109 102 33.8287039989
110 102 32.2660289594
111 102 30.4351165863
112 102 29.4242520476
113 102 27.2438782826
114 102 32.6679486187
115 102 30.8110006441
116 102 29.5525799824
117 102 29.4084936493
118 102 28.4162842796
119 102 27.1863639914
120 102 26.9823977179
121 102 24.5489034274
122 102 30.9247866797
123 102 29.0561562625
124 102 27.8614042273
125 102 25.787595475
126 102 26.3141835013
127 102 26.2120088234
128 102 23.7563094165
129 102 30.2627026043
130 102 28.387414619
131 102 29.024042148
132 102 27.1729740127
133 102 26.5285611825
134 102 24.1487855819
135 102 23.751144975
136 102 21.4376040968
137 102 26.9575477312
138 102 21.2339808253
139 102 24.2810702237
140 102 24.3161554431
141 102 21.8552415763
142 102 21.9923158705
143 102 22.9165933214
144 102 22.8387585548
145 102 18.0451354882
146 102 21.8591461855
147 102 19.5773819704
148 102 19.2046623158
149 102 18.4196031001
150 102 16.3575484555
151 102 18.8954755932
152 102 17.8438947424
153 102 19.0623698198
154 102 16.6567473403
155 102 16.7075150725
156 102 14.2899524363
157 102 17.2258937226
158 102 14.5209706756
159 102 15.1617386398
160 102 12.7050166959
161 102 16.2368252069
162 102 14.042823898
163 102 13.4118310558
164 102 11.4851001771
165 102 15.5413150898
166 102 13.2148366341
167 102 14.2322072461
168 102 12.3116027861
169 102 13.6805301092
170 102 11.3249828399
171 102 10.4097523967
172 102 12.0195330636
173 102 11.5027427481
174 102 9.69265224232
175 102 8.64920632078
176 102 7.76806103672
177 102 7.90570947966
178 102 10.5935728948
179 102 12.0517815951
180 102 11.1217247162
181 102 12.4300050723
182 102 10.0739939392
183 102 10.8113003305
184 102 12.0714951921
185 102 9.77418827501
186 102 11.3555033758
187 102 8.9182253238
188 102 7.86344244328
189 102 8.51379317722
190 102 7.14594211819
191 102 7.47438669558
192 102 7.18012603787
193 102 11.6853291284
194 102 11.0833281483
195 102 12.7722592469
196 102 12.2824478435
197 102 14.1908634067
198 102 10.0387112364
199 102 11.215914289
200 102 7.57447978398
201 102 13.7869691329
202 102 15.5523638045
203 102 11.8104398974
204 102 13.4782113677
205 102 14.4409562696
206 102 13.5074793411
207 102 15.3559690042
208 102 15.6732300407
209 102 14.8187073943
210 102 16.3247934253
211 102 13.0413132468
212 102 14.807847413
213 102 14.5578930302
214 102 16.0862221878
215 102 9.99750441057
216 102 11.8947196751
217 102 14.3024932259
218 102 17.5686755105
219 102 17.5641495835
220 102 18.7816971144
221 102 19.6416957283
222 102 21.0042848001
223 102 22.865655881
224 102 18.390053563
225 102 19.7416518406
226 102 21.0977365143
227 102 22.9332449835
228 102 19.8940415009
229 102 21.1153602403
230 102 22.3999219677
231 102 24.2367149143
232 102 24.0600079018
233 102 25.8783350698
234 102 34.5675693981
235 102 33.8287039989
236 102 32.8774795864
237 102 32.2660289594
238 102 32.6679486187
239 102 30.9247866797
240 102 30.2627026043
241 102 29.024042148
242 102 31.0837146031
243 102 30.4351165863
244 102 30.8110006441
245 102 29.0561562625
246 102 28.387414619
247 102 27.1729740127
248 102 26.9575477312
249 102 30.6987094453
250 102 26.5285611825
251 102 30.1549656536
252 102 29.4242520476
253 102 27.8614042273
254 102 29.1599876561
255 102 24.1487855819
256 102 21.8591461855
257 102 23.9106074583
258 102 27.9132450365
259 102 27.2438782826
260 102 25.787595475
261 102 23.751144975
262 102 19.5773819704
263 102 21.4376040968
264 102 21.2339808253
265 102 19.2046623158
266 102 18.8954755932
267 102 17.2258937226
268 102 16.2368252069
269 102 18.1846919091
270 102 16.0531319882
271 102 18.4196031001
272 102 14.042823898
273 102 12.0195330636
274 102 13.799490815
275 102 13.4813414163
276 102 11.0154388077
277 102 16.3575484555
278 102 14.5209706756
279 102 13.4118310558
280 102 11.5027427481
281 102 13.0176220332
282 102 11.4851001771
283 102 9.69265224232
284 102 10.5935728948
285 102 8.9182253238
286 102 8.51379317722
287 102 8.48449044767
288 102 6.89959200775
289 102 6.82520641862
290 102 8.64920632078
291 102 7.76806103672
292 102 7.14594211819
293 102 6.82312545923
294 102 5.52294596946
295 102 5.99908756131
296 102 5.02999295138
297 102 7.90570947966
298 102 7.86344244328
299 102 7.47438669558
300 102 5.21936103454
301 102 4.6194398405
302 102 7.18012603787
303 102 7.57447978398
304 102 6.17492928592
305 102 7.62879184172
306 102 8.23219395638
307 102 8.16640184902
308 102 9.99750441057
309 102 9.92647070601
310 102 11.9278188262
311 102 11.8947196751
312 102 10.5469141141
313 102 14.6576778943
314 102 17.5966616605
315 102 14.3024932259
0 103 32.2230607289
1 103 32.2519760808
2 103 31.2548009772
3 103 30.965063043
4 103 29.9071022399
5 103 29.0291618088
6 103 27.1431293425
7 103 25.7168670322
8 103 26.3516421504
9 103 29.8083288485
10 103 29.0254318376
11 103 27.2691184244
12 103 25.7477416027
13 103 27.3869849969
14 103 26.583455936
15 103 24.8373226028
16 103 20.9333476114
17 103 25.1252615141
18 103 22.3464732575
19 103 19.9535801396
20 103 18.92902725
21 103 16.8319570716
22 103 16.0543273161
23 103 21.1384635292
24 103 20.9642266915
25 103 19.9928737151
26 103 18.3151262919
27 103 18.8784274291
28 103 16.9925881213
29 103 16.5683798106
30 103 17.6726821692
31 103 15.9539962605
32 103 16.6445627661
33 103 14.7442666229
34 103 14.6187764562
35 103 14.2004066922
36 103 12.0331067505
37 103 10.4324311527
38 103 17.6871220813
39 103 15.8867835802
40 103 13.6408479987
41 103 10.7231042898
42 103 9.34639110712
43 103 9.09887009885
44 103 15.6741390087
45 103 13.7548033421
46 103 15.1440157723
47 103 14.0923237028
48 103 14.6490136401
49 103 12.9625774454
50 103 10.5397357967
51 103 9.48489000386
52 103 15.3681284578
53 103 12.8889774674
54 103 13.775647275
55 103 14.0311402807
56 103 8.25569664657
57 103 7.930355313
58 103 8.55445896126
59 103 14.2223288617
60 103 15.257624287
61 103 15.7474226053
62 103 15.549430417
63 103 9.79712605878
64 103 16.5722004888
65 103 9.94834901809
66 103 14.2996827736
67 103 12.9855744073
68 103 15.0509970618
69 103 14.1262439892
70 103 9.40389509676
71 103 10.3469778168
72 103 11.1619683823
73 103 16.2073193516
74 103 17.0707036898
75 103 16.9576086875
76 103 16.0131651144
77 103 18.7371415537
78 103 19.5354986833
79 103 21.212923686
80 103 17.2328222661
81 103 15.9996098334
82 103 15.2879063018
83 103 11.9628969231
84 103 14.3456743794
85 103 17.3462647259
86 103 16.6899660717
87 103 18.0373550958
88 103 19.441516935
89 103 20.1354103491
90 103 20.3915121404
91 103 21.9707303786
92 103 21.2441103235
93 103 21.4869528001
94 103 23.0022773673
95 103 24.4962415171
96 103 17.0025778032
97 103 23.1326991655
98 103 23.3379452484
99 103 24.8378323953
100 103 26.3252996669
101 103 36.1449688391
102 103 34.6540790135
103 103 32.807348959
104 103 32.3018482789
105 103 31.8606843484
106 103 30.6863769558
107 103 29.7039898076
108 103 30.965063043
109 103 35.5699034237
110 103 34.2106423525
111 103 32.3375331597
112 103 31.318728569
113 103 29.235279423
114 103 34.6674385502
115 103 32.7735029138
116 103 32.2230607289
117 103 32.2519760808
118 103 31.2548009772
119 103 29.9071022399
120 103 29.8083288485
121 103 27.3869849969
122 103 33.0095859626
123 103 31.1078584101
124 103 29.9224481788
125 103 27.9551721211
126 103 29.0291618088
127 103 29.0254318376
128 103 26.583455936
129 103 32.3116249642
130 103 30.4007162997
131 103 30.9161019302
132 103 29.0160155176
133 103 28.2523805487
134 103 25.8385874654
135 103 25.7046388279
136 103 23.3153027157
137 103 28.8574153308
138 103 23.1818207455
139 103 27.1431293425
140 103 27.2691184244
141 103 24.8373226028
142 103 25.1252615141
143 103 25.7168670322
144 103 25.7477416027
145 103 21.1384635292
146 103 23.7280772621
147 103 21.4681409626
148 103 21.2974680994
149 103 20.7217804847
150 103 18.7073142292
151 103 20.7996270763
152 103 20.9642266915
153 103 22.3464732575
154 103 19.9535801396
155 103 19.9928737151
156 103 17.6726821692
157 103 19.5156532359
158 103 17.1061105299
159 103 18.3151262919
160 103 15.9539962605
161 103 18.2415841554
162 103 15.9394578991
163 103 15.7044335581
164 103 13.5758777079
165 103 18.8784274291
166 103 16.6445627661
167 103 17.6871220813
168 103 15.6741390087
169 103 16.9925881213
170 103 14.7442666229
171 103 13.7548033421
172 103 14.0484947464
173 103 13.9674881896
174 103 11.9318921986
175 103 11.4054297329
176 103 9.76435487901
177 103 10.3560030224
178 103 12.4280820844
179 103 15.1440157723
180 103 14.6187764562
181 103 15.8867835802
182 103 13.6408479987
183 103 14.0923237028
184 103 15.3681284578
185 103 12.8889774674
186 103 14.2223288617
187 103 11.3505501788
188 103 10.3661943726
189 103 10.3565402574
190 103 8.50970331914
191 103 9.32543406972
192 103 8.04943374642
193 103 14.6490136401
194 103 13.775647275
195 103 15.257624287
196 103 14.2996827736
197 103 16.2073193516
198 103 12.9625774454
199 103 12.9855744073
200 103 8.40727247967
201 103 15.7474226053
202 103 17.0707036898
203 103 14.0311402807
204 103 15.549430417
205 103 16.5722004888
206 103 15.0509970618
207 103 16.9576086875
208 103 17.2328222661
209 103 15.9996098334
210 103 17.3462647259
211 103 14.1262439892
212 103 16.0131651144
213 103 15.2879063018
214 103 16.6899660717
215 103 10.4860621054
216 103 11.7589865899
217 103 13.8370348432
218 103 18.0373550958
219 103 18.7371415537
220 103 19.441516935
221 103 20.1354103491
222 103 21.2441103235
223 103 23.1326991655
224 103 19.5354986833
225 103 20.3915121404
226 103 21.4869528001
227 103 23.3379452484
228 103 21.212923686
229 103 21.9707303786
230 103 23.0022773673
231 103 24.8378323953
232 103 24.4962415171
233 103 26.3252996669
234 103 36.1449688391
235 103 35.5699034237
236 103 34.6540790135
237 103 34.2106423525
238 103 34.6674385502
239 103 33.0095859626
240 103 32.3116249642
241 103 30.9161019302
242 103 32.807348959
243 103 32.3375331597
244 103 32.7735029138
245 103 31.1078584101
246 103 30.4007162997
247 103 29.0160155176
248 103 28.8574153308
249 103 32.3018482789
250 103 28.2523805487
251 103 31.8606843484
252 103 31.318728569
253 103 29.9224481788
254 103 30.6863769558
255 103 25.8385874654
256 103 23.7280772621
257 103 26.3516421504
258 103 29.7039898076
259 103 29.235279423
260 103 27.9551721211
261 103 25.7046388279
262 103 21.4681409626
263 103 23.3153027157
264 103 23.1818207455
265 103 21.2974680994
266 103 20.7996270763
267 103 19.5156532359
268 103 18.2415841554
269 103 20.9333476114
270 103 18.92902725
271 103 20.7217804847
272 103 15.9394578991
273 103 14.0484947464
274 103 16.8319570716
275 103 16.5683798106
276 103 14.2004066922
277 103 18.7073142292
278 103 17.1061105299
279 103 15.7044335581
280 103 13.9674881896
281 103 16.0543273161
282 103 13.5758777079
283 103 11.9318921986
284 103 12.4280820844
285 103 11.3505501788
286 103 10.3565402574
287 103 12.0331067505
288 103 10.7231042898
289 103 10.5397357967
290 103 11.4054297329
291 103 9.76435487901
292 103 8.50970331914
293 103 10.4324311527
294 103 9.34639110712
295 103 9.48489000386
296 103 8.25569664657
297 103 10.3560030224
298 103 10.3661943726
299 103 9.32543406972
300 103 9.09887009885
301 103 7.930355313
302 103 8.04943374642
303 103 8.40727247967
304 103 8.55445896126
305 103 9.79712605878
306 103 9.94834901809
307 103 9.40389509676
308 103 10.4860621054
309 103 10.3469778168
310 103 11.9628969231
311 103 11.7589865899
312 103 11.1619683823
313 103 14.3456743794
314 103 17.0025778032
315 103 13.8370348432
0 104 33.0894097432
1 104 33.1281535709
2 104 32.3280355491
3 104 32.1836623734
4 104 30.9118045119
5 104 29.8279620745
6 104 27.7988012085
7 104 26.5670458484
8 104 27.5977360506
9 104 30.6040856982
10 104 29.6050583253
11 104 27.6874953122
12 104 26.3508172869
13 104 28.2550053311
14 104 27.2192707643
15 104 25.3003944129
16 104 22.1819274687
17 104 25.4244966703
18 104 22.6319933379
19 104 20.5519563374
20 104 20.3824711839
21 104 18.0673468024
22 104 17.6541969799
23 104 21.6057098501
24 104 20.9483951985
25 104 20.2231612443
26 104 18.4863544842
27 104 18.74865767
28 104 16.9712371488
29 104 17.3968144667
30 104 17.9512822418
31 104 16.1708081263
32 104 16.5173302822
33 104 14.7421784448
34 104 14.2382950979
35 104 15.1806812104
36 104 13.111845294
37 104 10.9958965467
38 104 17.2622743715
39 104 15.1914914912
40 104 13.1647501989
41 104 11.8459818508
42 104 9.88163140851
43 104 10.1750796818
44 104 15.009232646
45 104 13.1510738349
46 104 13.9124633624
47 104 13.0931932906
48 104 13.1081318215
49 104 11.4938907008
50 104 11.0466538187
51 104 9.26579518868
52 104 14.2709698112
53 104 11.6777668958
54 104 12.0168362469
55 104 12.0172576814
56 104 7.83930644451
57 104 8.16332840758
58 104 7.80054164087
59 104 12.5861611057
60 104 13.1652310285
61 104 13.1783465436
62 104 13.2370194721
63 104 8.33940491833
64 104 14.457195625
65 104 8.89644466743
66 104 11.9174753711
67 104 10.6311817157
68 104 12.5293053843
69 104 11.4364436488
70 104 7.68194773577
71 104 8.1468841946
72 104 9.52113992947
73 104 13.7378199453
74 104 14.2344199219
75 104 14.3706881446
76 104 13.2728344962
77 104 15.8924240567
78 104 17.0642162256
79 104 18.8486469086
80 104 14.8566598379
81 104 13.4618604269
82 104 12.6390167205
83 104 9.85930349507
84 104 12.2419534646
85 104 14.5401331232
86 104 13.7792609383
87 104 14.8884197688
88 104 16.4629169796
89 104 17.2674754272
90 104 17.8025818327
91 104 19.4823699353
92 104 18.3619520398
93 104 18.8659851252
94 104 20.4712630432
95 104 21.9616322072
96 104 14.5451436816
97 104 20.1914070421
98 104 20.6305121341
99 104 22.2172872552
100 104 23.7063479194
101 104 37.2593492105
102 104 35.6130328955
103 104 33.8209514867
104 104 33.487344117
105 104 33.2204051729
106 104 32.0929827013
107 104 30.9582479856
108 104 32.1836623734
109 104 36.6060835745
110 104 35.0818751463
111 104 33.2601512095
112 104 32.5935862671
113 104 30.393661587
114 104 35.3410217692
115 104 33.4874709603
116 104 33.0894097432
117 104 33.1281535709
118 104 32.3280355491
119 104 30.9118045119
120 104 30.6040856982
121 104 28.2550053311
122 104 33.6772115579
123 104 31.8177994489
124 104 30.9997404969
125 104 28.8914632604
126 104 29.8279620745
127 104 29.6050583253
128 104 27.2192707643
129 104 32.7791566872
130 104 30.8996318885
131 104 31.3671447166
132 104 29.4986992872
133 104 28.9292120498
134 104 26.5003960744
135 104 26.4106806898
136 104 23.8708781629
137 104 29.1039913556
138 104 23.4448307042
139 104 27.7988012085
140 104 27.6874953122
141 104 25.3003944129
142 104 25.4244966703
143 104 26.5670458484
144 104 26.3508172869
145 104 21.6057098501
146 104 24.4424881221
147 104 22.3142205818
148 104 21.8991510369
149 104 21.572583445
150 104 19.2853560608
151 104 21.1185974162
152 104 20.9483951985
153 104 22.6319933379
154 104 20.5519563374
155 104 20.2231612443
156 104 17.9512822418
157 104 19.9032807218
158 104 17.431854857
159 104 18.4863544842
160 104 16.1708081263
161 104 18.576206676
162 104 16.2533711168
163 104 15.9662136833
164 104 13.5793776552
165 104 18.74865767
166 104 16.5173302822
167 104 17.2622743715
168 104 15.009232646
169 104 16.9712371488
170 104 14.7421784448
171 104 13.1510738349
172 104 14.1576603808
173 104 14.0126678615
174 104 11.6378039884
175 104 11.3873288712
176 104 9.27377221952
177 104 9.58037171489
178 104 11.5934788683
179 104 13.9124633624
180 104 14.2382950979
181 104 15.1914914912
182 104 13.1647501989
183 104 13.0931932906
184 104 14.2709698112
185 104 11.6777668958
186 104 12.5861611057
187 104 10.5349615456
188 104 9.00426035479
189 104 9.27501778474
190 104 6.98390106792
191 104 7.563070987
192 104 5.4018141128
193 104 13.1081318215
194 104 12.0168362469
195 104 13.1652310285
196 104 11.9174753711
197 104 13.7378199453
198 104 11.4938907008
199 104 10.6311817157
200 104 5.44920411001
201 104 13.1783465436
202 104 14.2344199219
203 104 12.0172576814
204 104 13.2370194721
205 104 14.457195625
206 104 12.5293053843
207 104 14.3706881446
208 104 14.8566598379
209 104 13.4618604269
210 104 14.5401331232
211 104 11.4364436488
212 104 13.2728344962
213 104 12.6390167205
214 104 13.7792609383
215 104 7.48567157459
216 104 8.54893210764
217 104 10.781748301
218 104 14.8884197688
219 104 15.8924240567
220 104 16.4629169796
221 104 17.2674754272
222 104 18.3619520398
223 104 20.1914070421
224 104 17.0642162256
225 104 17.8025818327
226 104 18.8659851252
227 104 20.6305121341
228 104 18.8486469086
229 104 19.4823699353
230 104 20.4712630432
231 104 22.2172872552
232 104 21.9616322072
233 104 23.7063479194
234 104 37.2593492105
235 104 36.6060835745
236 104 35.6130328955
237 104 35.0818751463
238 104 35.3410217692
239 104 33.6772115579
240 104 32.7791566872
241 104 31.3671447166
242 104 33.8209514867
243 104 33.2601512095
244 104 33.4874709603
245 104 31.8177994489
246 104 30.8996318885
247 104 29.4986992872
248 104 29.1039913556
249 104 33.487344117
250 104 28.9292120498
251 104 33.2204051729
252 104 32.5935862671
253 104 30.9997404969
254 104 32.0929827013
255 104 26.5003960744
256 104 24.4424881221
257 104 27.5977360506
258 104 30.9582479856
259 104 30.393661587
260 104 28.8914632604
261 104 26.4106806898
262 104 22.3142205818
263 104 23.8708781629
264 104 23.4448307042
265 104 21.8991510369
266 104 21.1185974162
267 104 19.9032807218
268 104 18.576206676
269 104 22.1819274687
270 104 20.3824711839
271 104 21.572583445
272 104 16.2533711168
273 104 14.1576603808
274 104 18.0673468024
275 104 17.3968144667
276 104 15.1806812104
277 104 19.2853560608
278 104 17.431854857
279 104 15.9662136833
280 104 14.0126678615
281 104 17.6541969799
282 104 13.5793776552
283 104 11.6378039884
284 104 11.5934788683
285 104 10.5349615456
286 104 9.27501778474
287 104 13.111845294
288 104 11.8459818508
289 104 11.0466538187
290 104 11.3873288712
291 104 9.27377221952
292 104 6.98390106792
293 104 10.9958965467
294 104 9.88163140851
295 104 9.26579518868
296 104 7.83930644451
297 104 9.58037171489
298 104 9.00426035479
299 104 7.563070987
300 104 10.1750796818
301 104 8.16332840758
302 104 5.4018141128
303 104 5.44920411001
304 104 7.80054164087
305 104 8.33940491833
306 104 8.89644466743
307 104 7.68194773577
308 104 7.48567157459
309 104 8.1468841946
310 104 9.85930349507
311 104 8.54893210764
312 104 9.52113992947
313 104 12.2419534646
314 104 14.5451436816
315 104 10.781748301
0 105 33.5308612768
1 105 33.3419943683
2 105 32.5270889289
3 105 32.7285888989
4 105 31.2786360937
5 105 30.2234581299
6 105 28.0101651813
7 105 26.8566644002
8 105 28.27151286
9 105 30.8530481882
10 105 29.8780300829
11 105 27.7647349149
12 105 26.5014183141
13 105 28.4887935479
14 105 27.4789267368
15 105 25.3447938668
16 105 22.5050044296
17 105 25.2244653486
18 105 22.1894510383
19 105 20.1440989062
20 105 20.5119391747
21 105 18.0543108401
22 105 17.5577872838
23 105 21.4995232401
24 105 20.7058656659
25 105 19.7741890642
26 105 18.2452326259
27 105 18.0786271941
28 105 16.3950142484
29 105 17.3441276519
30 105 17.3506062448
31 105 15.7921166225
32 105 15.6492650611
33 105 13.9591592743
34 105 12.9453447969
35 105 15.0125078828
36 105 12.4067155349
37 105 10.1092505814
38 105 16.1207228806
39 105 13.6179517827
40 105 11.27692999
41 105 10.5517290974
42 105 8.24253864607
43 105 8.1799783739
44 105 13.8086661793
45 105 11.9917448725
46 105 12.6003069857
47 105 11.3846174678
48 105 11.1326151319
49 105 9.27227715412
50 105 9.86709499644
51 105 7.77605726954
52 105 12.1601841321
53 105 9.4640552946
54 105 9.5674788639
55 105 9.06281337593
56 105 5.5755834057
57 105 5.41842514955
58 105 4.29135770028
59 105 10.4663198336
60 105 10.8807124305
61 105 10.9573633235
62 105 10.5296289178
63 105 5.00472496222
64 105 11.4108414961
65 105 5.01676430335
66 105 9.42335484087
67 105 7.8453184936
68 105 9.71311980414
69 105 8.71512122494
70 105 4.02749560478
71 105 4.98844961258
72 105 6.01256241536
73 105 11.2656241521
74 105 11.9219838794
75 105 11.6314691297
76 105 10.6180235283
77 105 13.344430678
78 105 14.0617623639
79 105 15.7418414736
80 105 11.8004170666
81 105 10.5316939724
82 105 9.86101045292
83 105 6.93198829512
84 105 9.64205457806
85 105 11.9275632476
86 105 11.336631665
87 105 12.8059959388
88 105 14.0928783652
89 105 14.808730272
90 105 15.0184720498
91 105 16.5581918822
92 105 16.0289729201
93 105 16.2228814662
94 105 17.6725067892
95 105 19.2462041985
96 105 12.4280048321
97 105 17.913514476
98 105 18.0640225757
99 105 19.5009520536
100 105 21.0601142187
101 105 38.8422504136
102 105 37.0297436435
103 105 35.2797402119
104 105 35.0301160677
105 105 34.6311743228
106 105 33.6565530157
107 105 32.3091229361
108 105 32.7285888989
109 105 38.0467196374
110 105 36.3419588489
111 105 34.5561452615
112 105 33.8400796066
113 105 31.5646507684
114 105 36.5613378011
115 105 34.7425361925
116 105 33.5308612768
117 105 33.3419943683
118 105 32.5270889289
119 105 31.2786360937
120 105 30.8530481882
121 105 28.4887935479
122 105 34.8079818097
123 105 32.980340944
124 105 32.1128329964
125 105 29.9117062862
126 105 30.2234581299
127 105 29.8780300829
128 105 27.4789267368
129 105 33.9536568661
130 105 32.1100367481
131 105 32.7027150725
132 105 30.8809419019
133 105 30.4181217152
134 105 28.0184725756
135 105 27.6703155785
136 105 25.2088184907
137 105 30.4265840651
138 105 24.7103456898
139 105 28.0101651813
140 105 27.7647349149
141 105 25.3447938668
142 105 25.2244653486
143 105 26.8566644002
144 105 26.5014183141
145 105 21.4995232401
146 105 25.7823453698
147 105 23.6185890985
148 105 23.0167073093
149 105 22.4581891528
150 105 20.1284242854
151 105 22.4242426452
152 105 20.7058656659
153 105 22.1894510383
154 105 20.1440989062
155 105 19.7741890642
156 105 17.3506062448
157 105 20.8075967791
158 105 17.9921530281
159 105 18.2452326259
160 105 15.7921166225
161 105 19.7735141977
162 105 17.5453723446
163 105 16.8484092791
164 105 14.6278128983
165 105 18.0786271941
166 105 15.6492650611
167 105 16.1207228806
168 105 13.8086661793
169 105 16.3950142484
170 105 13.9591592743
171 105 11.9917448725
172 105 15.288484421
173 105 14.6606332347
174 105 12.4355251094
175 105 11.6333295962
176 105 10.2164745363
177 105 9.83502536706
178 105 12.6811613007
179 105 12.6003069857
180 105 12.9453447969
181 105 13.6179517827
182 105 11.27692999
183 105 11.3846174678
184 105 12.1601841321
185 105 9.4640552946
186 105 10.4663198336
187 105 10.8404713969
188 105 8.56431600181
189 105 10.1676672457
190 105 8.08084612745
191 105 7.76504628243
192 105 5.96954726977
193 105 11.1326151319
194 105 9.5674788639
195 105 10.8807124305
196 105 9.42335484087
197 105 11.2656241521
198 105 9.27227715412
199 105 7.8453184936
200 105 4.58393097615
201 105 10.9573633235
202 105 11.9219838794
203 105 9.06281337593
204 105 10.5296289178
205 105 11.4108414961
206 105 9.71311980414
207 105 11.6314691297
208 105 11.8004170666
209 105 10.5316939724
210 105 11.9275632476
211 105 8.71512122494
212 105 10.6180235283
213 105 9.86101045292
214 105 11.336631665
215 105 5.34442439182
216 105 6.84955042056
217 105 9.07388520708
218 105 12.8059959388
219 105 13.344430678
220 105 14.0928783652
221 105 14.808730272
222 105 16.0289729201
223 105 17.913514476
224 105 14.0617623639
225 105 15.0184720498
226 105 16.2228814662
227 105 18.0640225757
228 105 15.7418414736
229 105 16.5581918822
230 105 17.6725067892
231 105 19.5009520536
232 105 19.2462041985
233 105 21.0601142187
234 105 38.8422504136
235 105 38.0467196374
236 105 37.0297436435
237 105 36.3419588489
238 105 36.5613378011
239 105 34.8079818097
240 105 33.9536568661
241 105 32.7027150725
242 105 35.2797402119
243 105 34.5561452615
244 105 34.7425361925
245 105 32.980340944
246 105 32.1100367481
247 105 30.8809419019
248 105 30.4265840651
249 105 35.0301160677
250 105 30.4181217152
251 105 34.6311743228
252 105 33.8400796066
253 105 32.1128329964
254 105 33.6565530157
255 105 28.0184725756
256 105 25.7823453698
257 105 28.27151286
258 105 32.3091229361
259 105 31.5646507684
260 105 29.9117062862
261 105 27.6703155785
262 105 23.6185890985
263 105 25.2088184907
264 105 24.7103456898
265 105 23.0167073093
266 105 22.4242426452
267 105 20.8075967791
268 105 19.7735141977
269 105 22.5050044296
270 105 20.5119391747
271 105 22.4581891528
272 105 17.5453723446
273 105 15.288484421
274 105 18.0543108401
275 105 17.3441276519
276 105 15.0125078828
277 105 20.1284242854
278 105 17.9921530281
279 105 16.8484092791
280 105 14.6606332347
281 105 17.5577872838
282 105 14.6278128983
283 105 12.4355251094
284 105 12.6811613007
285 105 10.8404713969
286 105 10.1676672457
287 105 12.4067155349
288 105 10.5517290974
289 105 9.86709499644
290 105 11.6333295962
291 105 10.2164745363
292 105 8.08084612745
293 105 10.1092505814
294 105 8.24253864607
295 105 7.77605726954
296 105 5.5755834057
297 105 9.83502536706
298 105 8.56431600181
299 105 7.76504628243
300 105 8.1799783739
301 105 5.41842514955
302 105 5.96954726977
303 105 4.58393097615
304 105 4.29135770028
305 105 5.00472496222
306 105 5.01676430335
307 105 4.02749560478
308 105 5.34442439182
309 105 4.98844961258
310 105 6.93198829512
311 105 6.84955042056
312 105 6.01256241536
313 105 9.64205457806
314 105 12.4280048321
315 105 9.07388520708
0 106 35.7111717606
1 106 35.5315651021
2 106 34.5573587761
3 106 34.6099704033
4 106 33.3523133762
5 106 32.4551236746
6 106 30.359701916
7 106 29.0505225553
8 106 30.1081146634
9 106 33.0995683147
10 106 32.2834542992
11 106 30.2930645575
12 106 28.889872259
13 106 30.6759402118
14 106 29.8386873774
15 106 27.8366474543
16 106 24.3645906812
17 106 27.8366272074
18 106 24.7995423246
19 106 22.5233318481
20 106 22.2002633967
21 106 19.9244271891
22 106 19.1068587989
23 106 23.9807767561
24 106 23.5133244834
25 106 22.4142324496
26 106 20.9189357719
27 106 20.9419036519
28 106 19.184427489
29 106 19.5373214455
30 106 19.9418131337
31 106 18.421656237
32 106 18.4899749902
33 106 16.7139763182
34 106 15.8963904052
35 106 17.0738592308
36 106 14.3398559043
37 106 12.4120959746
38 106 19.1232602295
39 106 16.7153696994
40 106 14.1840767046
41 106 12.3267785693
42 106 10.4263238228
43 106 9.71468129478
44 106 16.9403258208
45 106 15.0869652642
46 106 16.0097414332
47 106 14.6300543393
48 106 14.5669523865
49 106 12.6429470908
50 106 12.1811386882
51 106 10.5662644725
52 106 15.3538972242
53 106 12.7201270566
54 106 12.9461171245
55 106 12.1636709984
56 106 8.370801825
57 106 7.4186740943
58 106 6.78815553476
59 106 13.9051224568
60 106 14.3537622158
61 106 14.4160052992
62 106 13.7211034898
63 106 8.01784675346
64 106 14.2636780233
65 106 6.86054879026
66 106 12.806990938
67 106 11.0623879908
68 106 12.6221672402
69 106 11.4498142539
70 106 6.56034519968
71 106 6.91305624729
72 106 7.10631578416
73 106 14.5754065398
74 106 15.0923390803
75 106 14.5111774663
76 106 13.3490119471
77 106 15.9671520083
78 106 16.0435242258
79 106 17.6655678391
80 106 14.2840593598
81 106 12.931437924
82 106 11.9881414314
83 106 7.89235568188
84 106 9.99128807356
85 106 14.4232684538
86 106 13.5813704885
87 106 15.1703013548
88 106 16.3084654175
89 106 16.6517418783
90 106 16.6041176229
91 106 18.1361832542
92 106 17.5990649897
93 106 17.5539511996
94 106 19.0231969227
95 106 20.4019584038
96 106 12.8680777245
97 106 19.5242702192
98 106 19.4620718923
99 106 20.9130501605
100 106 22.2902658718
101 106 40.5931276714
102 106 38.9574744596
103 106 37.1489229284
104 106 36.730681227
105 106 36.2213314331
106 106 35.1570117807
107 106 34.0057706707
108 106 34.6099704033
109 106 39.906030561
110 106 38.3806940787
111 106 36.5426652514
112 106 35.5481983596
113 106 33.3870782662
114 106 38.7613870222
115 106 36.9006372102
116 106 35.7111717606
117 106 35.5315651021
118 106 34.5573587761
119 106 33.3523133762
120 106 33.0995683147
121 106 30.6759402118
122 106 37.030656412
123 106 35.1607211072
124 106 34.0160502343
125 106 31.9439227652
126 106 32.4551236746
127 106 32.2834542992
128 106 29.8386873774
129 106 36.309484036
130 106 34.4308260095
131 106 35.0264854427
132 106 33.165029556
133 106 32.5299899746
134 106 30.1259610211
135 106 29.817169309
136 106 27.4352756672
137 106 32.8871682305
138 106 27.1535119092
139 106 30.359701916
140 106 30.2930645575
141 106 27.8366474543
142 106 27.8366272074
143 106 29.0505225553
144 106 28.889872259
145 106 23.9807767561
146 106 27.8959417909
147 106 25.636099472
148 106 25.2565664781
149 106 24.561406763
150 106 22.4267367018
151 106 24.8080046005
152 106 23.5133244834
153 106 24.7995423246
154 106 22.5233318481
155 106 22.4142324496
156 106 19.9418131337
157 106 23.2295615005
158 106 20.4952124738
159 106 20.9189357719
160 106 18.421656237
161 106 22.1581227681
162 106 19.8999257959
163 106 19.3271610976
164 106 17.2033273526
165 106 20.9419036519
166 106 18.4899749902
167 106 19.1232602295
168 106 16.9403258208
169 106 19.184427489
170 106 16.7139763182
171 106 15.0869652642
172 106 17.7886794756
173 106 17.2955726508
174 106 15.2038236039
175 106 14.3213346048
176 106 12.9992084753
177 106 12.9093878054
178 106 15.6659860403
179 106 16.0097414332
180 106 15.8963904052
181 106 16.7153696994
182 106 14.1840767046
183 106 14.6300543393
184 106 15.3538972242
185 106 12.7201270566
186 106 13.9051224568
187 106 13.9514940715
188 106 11.9952689593
189 106 13.2563692181
190 106 11.213342203
191 106 11.2274847362
192 106 9.50490245996
193 106 14.5669523865
194 106 12.9461171245
195 106 14.3537622158
196 106 12.806990938
197 106 14.5754065398
198 106 12.6429470908
199 106 11.0623879908
200 106 8.36293075957
201 106 14.4160052992
202 106 15.0923390803
203 106 12.1636709984
204 106 13.7211034898
205 106 14.2636780233
206 106 12.6221672402
207 106 14.5111774663
208 106 14.2840593598
209 106 12.931437924
210 106 14.4232684538
211 106 11.4498142539
212 106 13.3490119471
213 106 11.9881414314
214 106 13.5813704885
215 106 8.45810072087
216 106 9.27260726747
217 106 10.6780195599
218 106 15.1703013548
219 106 15.9671520083
220 106 16.3084654175
221 106 16.6517418783
222 106 17.5990649897
223 106 19.5242702192
224 106 16.0435242258
225 106 16.6041176229
226 106 17.5539511996
227 106 19.4620718923
228 106 17.6655678391
229 106 18.1361832542
230 106 19.0231969227
231 106 20.9130501605
232 106 20.4019584038
233 106 22.2902658718
234 106 40.5931276714
235 106 39.906030561
236 106 38.9574744596
237 106 38.3806940787
238 106 38.7613870222
239 106 37.030656412
240 106 36.309484036
241 106 35.0264854427
242 106 37.1489229284
243 106 36.5426652514
244 106 36.9006372102
245 106 35.1607211072
246 106 34.4308260095
247 106 33.165029556
248 106 32.8871682305
249 106 36.730681227
250 106 32.5299899746
251 106 36.2213314331
252 106 35.5481983596
253 106 34.0160502343
254 106 35.1570117807
255 106 30.1259610211
256 106 27.8959417909
257 106 30.1081146634
258 106 34.0057706707
259 106 33.3870782662
260 106 31.9439227652
261 106 29.817169309
262 106 25.636099472
263 106 27.4352756672
264 106 27.1535119092
265 106 25.2565664781
266 106 24.8080046005
267 106 23.2295615005
268 106 22.1581227681
269 106 24.3645906812
270 106 22.2002633967
271 106 24.561406763
272 106 19.8999257959
273 106 17.7886794756
274 106 19.9244271891
275 106 19.5373214455
276 106 17.0738592308
277 106 22.4267367018
278 106 20.4952124738
279 106 19.3271610976
280 106 17.2955726508
281 106 19.1068587989
282 106 17.2033273526
283 106 15.2038236039
284 106 15.6659860403
285 106 13.9514940715
286 106 13.2563692181
287 106 14.3398559043
288 106 12.3267785693
289 106 12.1811386882
290 106 14.3213346048
291 106 12.9992084753
292 106 11.213342203
293 106 12.4120959746
294 106 10.4263238228
295 106 10.5662644725
296 106 8.370801825
297 106 12.9093878054
298 106 11.9952689593
299 106 11.2274847362
300 106 9.71468129478
301 106 7.4186740943
302 106 9.50490245996
303 106 8.36293075957
304 106 6.78815553476
305 106 8.01784675346
306 106 6.86054879026
307 106 6.56034519968
308 106 8.45810072087
309 106 6.91305624729
310 106 7.89235568188
311 106 9.27260726747
312 106 7.10631578416
313 106 9.99128807356
314 106 12.8680777245
315 106 10.6780195599
0 107 37.7617819184
1 107 37.7246723523
2 107 36.8434692876
3 107 36.7426949506
4 107 35.5051010093
5 107 34.498722461
6 107 32.4442430378
7 107 31.1734961256
8 107 32.1595112441
9 107 35.2311683135
10 107 34.2996593011
11 107 32.3420094325
12 107 30.9822066204
13 107 32.8437466748
14 107 31.8847465214
15 107 29.9208847627
16 107 26.6162294447
17 107 29.9745895788
18 107 27.0490943743
19 107 24.8967322182
20 107 24.6327115632
21 107 22.34059042
22 107 21.699406321
23 107 26.1392322476
24 107 25.5030398798
25 107 24.6308958771
26 107 22.9950099594
27 107 23.0750373582
28 107 21.3226093961
29 107 21.8073961895
30 107 22.2461979764
31 107 20.5781492283
32 107 20.7052503872
33 107 18.9447252734
34 107 18.1402546835
35 107 19.4501019606
36 107 17.0024078752
37 107 14.9114094526
38 107 21.2971478659
39 107 18.8896374558
40 107 16.5873037623
41 107 15.263580123
42 107 13.212692228
43 107 12.9076116905
44 107 18.9888722047
45 107 17.1445776395
46 107 17.7427013823
47 107 16.6489192524
48 107 16.2889820302
49 107 14.4748795406
50 107 14.7852952683
51 107 12.911636632
52 107 17.441140377
53 107 14.7391127847
54 107 14.5954983948
55 107 13.6015041761
56 107 10.836352239
57 107 10.4286783156
58 107 9.35463856837
59 107 15.5885810238
60 107 15.6738230497
61 107 15.2061846959
62 107 14.816420591
63 107 9.99638375601
64 107 15.5518403405
65 107 9.16423184732
66 107 13.8300198835
67 107 12.0900808092
68 107 13.3487429309
69 107 11.8099990044
70 107 8.14199880981
71 107 7.47601255416
72 107 8.24674122775
73 107 15.4859715362
74 107 15.457041842
75 107 15.151452372
76 107 13.6636874791
77 107 16.0867084404
78 107 16.4298847967
79 107 18.2168584729
80 107 15.0797741477
81 107 13.4028848174
82 107 12.0680888158
83 107 7.99594258931
84 107 9.53393198794
85 107 14.5133976257
86 107 13.2879516907
87 107 14.5290978467
88 107 15.9189851966
89 107 16.1914284259
90 107 16.4881462607
91 107 18.2296074779
92 107 16.8771484235
93 107 17.1619535981
94 107 18.8549375613
95 107 20.0624963253
96 107 11.7080934708
97 107 18.7474367318
98 107 18.982146795
99 107 20.6431713242
100 107 21.8695681428
101 107 41.9614012409
102 107 40.3895556199
103 107 38.5718324159
104 107 38.1568096458
105 107 37.8113690618
106 107 36.6461000546
107 107 35.6003262017
108 107 36.7426949506
109 107 41.3517889678
110 107 39.8902376604
111 107 38.0477615714
112 107 37.2278280578
113 107 35.0743464324
114 107 40.2125816601
115 107 38.3454824025
116 107 37.7617819184
117 107 37.7246723523
118 107 36.8434692876
119 107 35.5051010093
120 107 35.2311683135
121 107 32.8437466748
122 107 38.5419603312
123 107 36.6688136557
124 107 35.7125784291
125 107 33.6450114186
126 107 34.498722461
127 107 34.2996593011
128 107 31.8847465214
129 107 37.6985839443
130 107 35.8105958399
131 107 36.2959099864
132 107 34.4175824108
133 107 33.792106165
134 107 31.3625240671
135 107 31.2563815043
136 107 28.7568417206
137 107 34.0713696601
138 107 28.3939501752
139 107 32.4442430378
140 107 32.3420094325
141 107 29.9208847627
142 107 29.9745895788
143 107 31.1734961256
144 107 30.9822066204
145 107 26.1392322476
146 107 29.2832948832
147 107 27.1018999821
148 107 26.7478811774
149 107 26.3067615264
150 107 24.0819832312
151 107 26.0513165408
152 107 25.5030398798
153 107 27.0490943743
154 107 24.8967322182
155 107 24.6308958771
156 107 22.2461979764
157 107 24.7642672305
158 107 22.2067228186
159 107 22.9950099594
160 107 20.5781492283
161 107 23.4845524199
162 107 21.1612439547
163 107 20.8208874424
164 107 18.4904373713
165 107 23.0750373582
166 107 20.7052503872
167 107 21.2971478659
168 107 18.9888722047
169 107 21.3226093961
170 107 18.9447252734
171 107 17.1445776395
172 107 19.0701631006
173 107 18.8294937608
174 107 16.5088115421
175 107 16.036652886
176 107 14.1590475899
177 107 14.2676383334
178 107 16.5540607621
179 107 17.7427013823
180 107 18.1402546835
181 107 18.8896374558
182 107 16.5873037623
183 107 16.6489192524
184 107 17.441140377
185 107 14.7391127847
186 107 15.5885810238
187 107 15.2596459306
188 107 13.3277037878
189 107 14.1624199561
190 107 11.8615538124
191 107 12.1007368131
192 107 9.75809350639
193 107 16.2889820302
194 107 14.5954983948
195 107 15.6738230497
196 107 13.8300198835
197 107 15.4859715362
198 107 14.4748795406
199 107 12.0900808092
200 107 8.64382011622
201 107 15.2061846959
202 107 15.457041842
203 107 13.6015041761
204 107 14.816420591
205 107 15.5518403405
206 107 13.3487429309
207 107 15.151452372
208 107 15.0797741477
209 107 13.4028848174
210 107 14.5133976257
211 107 11.8099990044
212 107 13.6636874791
213 107 12.0680888158
214 107 13.2879516907
215 107 8.39457488948
216 107 8.35206961534
217 107 9.33917154481
218 107 14.5290978467
219 107 16.0867084404
220 107 15.9189851966
221 107 16.1914284259
222 107 16.8771484235
223 107 18.7474367318
224 107 16.4298847967
225 107 16.4881462607
226 107 17.1619535981
227 107 18.982146795
228 107 18.2168584729
229 107 18.2296074779
230 107 18.8549375613
231 107 20.6431713242
232 107 20.0624963253
233 107 21.8695681428
234 107 41.9614012409
235 107 41.3517889678
236 107 40.3895556199
237 107 39.8902376604
238 107 40.2125816601
239 107 38.5419603312
240 107 37.6985839443
241 107 36.2959099864
242 107 38.5718324159
243 107 38.0477615714
244 107 38.3454824025
245 107 36.6688136557
246 107 35.8105958399
247 107 34.4175824108
248 107 34.0713696601
249 107 38.1568096458
250 107 33.792106165
251 107 37.8113690618
252 107 37.2278280578
253 107 35.7125784291
254 107 36.6461000546
255 107 31.3625240671
256 107 29.2832948832
257 107 32.1595112441
258 107 35.6003262017
259 107 35.0743464324
260 107 33.6450114186
261 107 31.2563815043
262 107 27.1018999821
263 107 28.7568417206
264 107 28.3939501752
265 107 26.7478811774
266 107 26.0513165408
267 107 24.7642672305
268 107 23.4845524199
269 107 26.6162294447
270 107 24.6327115632
271 107 26.3067615264
272 107 21.1612439547
273 107 19.0701631006
274 107 22.34059042
275 107 21.8073961895
276 107 19.4501019606
277 107 24.0819832312
278 107 22.2067228186
279 107 20.8208874424
280 107 18.8294937608
281 107 21.699406321
282 107 18.4904373713
283 107 16.5088115421
284 107 16.5540607621
285 107 15.2596459306
286 107 14.1624199561
287 107 17.0024078752
288 107 15.263580123
289 107 14.7852952683
290 107 16.036652886
291 107 14.1590475899
292 107 11.8615538124
293 107 14.9114094526
294 107 13.212692228
295 107 12.911636632
296 107 10.836352239
297 107 14.2676383334
298 107 13.3277037878
299 107 12.1007368131
300 107 12.9076116905
301 107 10.4286783156
302 107 9.75809350639
303 107 8.64382011622
304 107 9.35463856837
305 107 9.99638375601
306 107 9.16423184732
307 107 8.14199880981
308 107 8.39457488948
309 107 7.47601255416
310 107 7.99594258931
311 107 8.35206961534
312 107 8.24674122775
313 107 9.53393198794
314 107 11.7080934708
315 107 9.33917154481
0 108 38.0363075078
1 108 37.8990663998
2 108 37.1590859649
3 108 37.3275468588
4 108 35.85602916
5 108 34.7216598992
6 108 32.4960709422
7 108 31.4075928058
8 108 32.845174656
9 108 35.3788941154
10 108 34.3116123426
11 108 32.1676793254
12 108 30.9828250954
13 108 33.0523075078
14 108 31.9494848467
15 108 29.7880138963
16 108 27.1788727219
17 108 29.6198692512
18 108 26.6225740929
19 108 24.7335890764
20 108 25.2710772874
21 108 22.8011983133
22 108 22.377850956
23 108 25.9931414398
24 108 24.9846010473
25 108 24.2080147301
26 108 22.6537995921
27 108 22.3547062821
28 108 20.761103613
29 108 21.995430998
30 108 21.847436323
31 108 20.2720147643
32 108 19.9763145121
33 108 18.3940906671
34 108 17.1785594331
35 108 19.7386201775
36 108 17.2288231663
37 108 14.8573115911
38 108 20.2372540771
39 108 17.5637315197
40 108 15.413572532
41 108 15.3991188122
42 108 13.0142352693
43 108 12.9575742456
44 108 17.8317953619
45 108 16.1377324478
46 108 16.2048205535
47 108 15.1746659541
48 108 14.3101575269
49 108 12.5805012837
50 108 14.6083996607
51 108 12.3349035952
52 108 15.6728282021
53 108 13.0299276716
54 108 12.32606349
55 108 10.8510779967
56 108 10.1153156617
57 108 10.0073782551
58 108 8.12546900338
59 108 13.5134611733
60 108 13.1013053494
61 108 12.2093824537
62 108 11.8043848659
63 108 8.09406431128
64 108 12.4812064405
65 108 7.32316452533
66 108 10.9586869894
67 108 9.18099267494
68 108 10.0426101418
69 108 8.34843417136
70 108 5.89289667211
71 108 4.4160225011
72 108 5.59069206192
73 108 12.4165086602
74 108 12.0474067511
75 108 11.7372310168
76 108 10.1216418871
77 108 12.4256773881
78 108 12.8605639632
79 108 14.6949964607
80 108 11.6672438575
81 108 9.88516585586
82 108 8.44234246156
83 108 4.79162716144
84 108 6.48490983428
85 108 10.8525799125
86 108 9.55325265317
87 108 10.7610155195
88 108 12.1644176578
89 108 12.4858895297
90 108 12.8940162591
91 108 14.6748517646
92 108 13.2404884014
93 108 13.6259550418
94 108 15.3387961482
95 108 16.6154674848
96 108 8.60439178547
97 108 15.1104224111
98 108 15.4221264318
99 108 17.0966840757
100 108 18.3911418601
101 108 42.9945507122
102 108 41.2187505081
103 108 39.4681866367
104 108 39.2262084505
105 108 38.9380064335
106 108 37.8929356103
107 108 36.6207378848
108 108 37.3275468588
109 108 42.2487911182
110 108 40.5723792025
111 108 38.791769286
112 108 38.2046803397
113 108 35.9321958484
114 108 40.7296306725
115 108 38.916698496
116 108 38.0363075078
117 108 37.8990663998
118 108 37.1590859649
119 108 35.85602916
120 108 35.3788941154
121 108 33.0523075078
122 108 39.013998858
123 108 37.195343873
124 108 36.4800929711
125 108 34.2727620912
126 108 34.7216598992
127 108 34.3116123426
128 108 31.9494848467
129 108 38.0549841335
130 108 36.2171184746
131 108 36.7322974815
132 108 34.9101831236
133 108 34.479836896
134 108 32.0667386999
135 108 31.8568047448
136 108 29.310733008
137 108 34.3711786969
138 108 28.7184316781
139 108 32.4960709422
140 108 32.1676793254
141 108 29.7880138963
142 108 29.6198692512
143 108 31.4075928058
144 108 30.9828250954
145 108 25.9931414398
146 108 29.9420669648
147 108 27.8454305976
148 108 27.2389513586
149 108 26.8567298285
150 108 24.4564091256
151 108 26.4556537705
152 108 24.9846010473
153 108 26.6225740929
154 108 24.7335890764
155 108 24.2080147301
156 108 21.847436323
157 108 25.0348409451
158 108 22.3220871641
159 108 22.6537995921
160 108 20.2720147643
161 108 23.8762589095
162 108 21.6187578458
163 108 21.0647477643
164 108 18.7049678804
165 108 22.3547062821
166 108 19.9763145121
167 108 20.2372540771
168 108 17.8317953619
169 108 20.761103613
170 108 18.3940906671
171 108 16.1377324478
172 108 19.3698003246
173 108 18.8867593466
174 108 16.5065443568
175 108 15.9930576507
176 108 14.2158462101
177 108 13.8855414933
178 108 16.3582079247
179 108 16.2048205535
180 108 17.1785594331
181 108 17.5637315197
182 108 15.413572532
183 108 15.1746659541
184 108 15.6728282021
185 108 13.0299276716
186 108 13.5134611733
187 108 14.8113487038
188 108 12.3880811925
189 108 13.866275463
190 108 11.5793964348
191 108 11.2891495915
192 108 8.82354558572
193 108 14.3101575269
194 108 12.32606349
195 108 13.1013053494
196 108 10.9586869894
197 108 12.4165086602
198 108 12.5805012837
199 108 9.18099267494
200 108 6.91613292287
201 108 12.2093824537
202 108 12.0474067511
203 108 10.8510779967
204 108 11.8043848659
205 108 12.4812064405
206 108 10.0426101418
207 108 11.7372310168
208 108 11.6672438575
209 108 9.88516585586
210 108 10.8525799125
211 108 8.34843417136
212 108 10.1216418871
213 108 8.44234246156
214 108 9.55325265317
215 108 5.26205872592
216 108 4.70678720257
217 108 5.63475886793
218 108 10.7610155195
219 108 12.4256773881
220 108 12.1644176578
221 108 12.4858895297
222 108 13.2404884014
223 108 15.1104224111
224 108 12.8605639632
225 108 12.8940162591
226 108 13.6259550418
227 108 15.4221264318
228 108 14.6949964607
229 108 14.6748517646
230 108 15.3387961482
231 108 17.0966840757
232 108 16.6154674848
233 108 18.3911418601
234 108 42.9945507122
235 108 42.2487911182
236 108 41.2187505081
237 108 40.5723792025
238 108 40.7296306725
239 108 39.013998858
240 108 38.0549841335
241 108 36.7322974815
242 108 39.4681866367
243 108 38.791769286
244 108 38.916698496
245 108 37.195343873
246 108 36.2171184746
247 108 34.9101831236
248 108 34.3711786969
249 108 39.2262084505
250 108 34.479836896
251 108 38.9380064335
252 108 38.2046803397
253 108 36.4800929711
254 108 37.8929356103
255 108 32.0667386999
256 108 29.9420669648
257 108 32.845174656
258 108 36.6207378848
259 108 35.9321958484
260 108 34.2727620912
261 108 31.8568047448
262 108 27.8454305976
263 108 29.310733008
264 108 28.7184316781
265 108 27.2389513586
266 108 26.4556537705
267 108 25.0348409451
268 108 23.8762589095
269 108 27.1788727219
270 108 25.2710772874
271 108 26.8567298285
272 108 21.6187578458
273 108 19.3698003246
274 108 22.8011983133
275 108 21.995430998
276 108 19.7386201775
277 108 24.4564091256
278 108 22.3220871641
279 108 21.0647477643
280 108 18.8867593466
281 108 22.377850956
282 108 18.7049678804
283 108 16.5065443568
284 108 16.3582079247
285 108 14.8113487038
286 108 13.866275463
287 108 17.2288231663
288 108 15.3991188122
289 108 14.6083996607
290 108 15.9930576507
291 108 14.2158462101
292 108 11.5793964348
293 108 14.8573115911
294 108 13.0142352693
295 108 12.3349035952
296 108 10.1153156617
297 108 13.8855414933
298 108 12.3880811925
299 108 11.2891495915
300 108 12.9575742456
301 108 10.0073782551
302 108 8.82354558572
303 108 6.91613292287
304 108 8.12546900338
305 108 8.09406431128
306 108 7.32316452533
307 108 5.89289667211
308 108 5.26205872592
309 108 4.4160225011
310 108 4.79162716144
311 108 4.70678720257
312 108 5.59069206192
313 108 6.48490983428
314 108 8.60439178547
315 108 5.63475886793
0 109 39.4655622771
1 109 39.1698857505
2 109 38.3301862882
3 109 38.6624889079
4 109 37.1763867078
5 109 36.156961341
6 109 33.8778469649
7 109 32.7585020858
8 109 34.2597253229
9 109 36.7163772152
10 109 35.7633364531
11 109 33.562937698
12 109 32.3514347347
13 109 34.3534415027
14 109 33.3732944012
15 109 31.1498743198
16 109 28.3901127239
17 109 30.8859053296
18 109 27.7437186417
19 109 25.7623773676
20 109 26.2782325684
21 109 23.8351967898
22 109 23.2014152576
23 109 27.2703513537
24 109 26.3744679038
25 109 25.366078385
26 109 23.9847221549
27 109 23.5238376743
28 109 21.9680055711
29 109 23.1836417049
30 109 22.9063599248
31 109 21.517614625
32 109 21.039773837
33 109 19.4908520251
34 109 18.1016749965
35 109 20.8152895747
36 109 17.9678512504
37 109 15.7477851767
38 109 21.2192903728
39 109 18.3887272017
40 109 15.9921211752
41 109 15.771689163
42 109 13.4990865579
43 109 12.9321126147
44 109 18.9100015179
45 109 17.2619071861
46 109 17.4489811429
47 109 16.0883346016
48 109 15.2314551626
49 109 13.3822280627
50 109 15.3431731223
51 109 13.2438350529
52 109 16.2749949645
53 109 13.7300085794
54 109 13.01224639
55 109 11.0947016579
56 109 10.7582074794
57 109 10.0026408949
58 109 8.03070062096
59 109 14.3860156444
60 109 13.9513658682
61 109 13.2275707848
62 109 12.2596780557
63 109 8.34221048586
64 109 12.3507050083
65 109 6.36582508508
66 109 11.7799673338
67 109 9.82668986975
68 109 10.367672089
69 109 8.82708617069
70 109 5.87224250382
71 109 4.44371030843
72 109 3.95788191523
73 109 13.1183567549
74 109 12.8827329128
75 109 11.985156854
76 109 10.4840602073
77 109 12.6641757558
78 109 12.0907142717
79 109 13.704546061
80 109 11.3028523748
81 109 9.71181702664
82 109 8.33441799201
83 109 3.62950097193
84 109 4.83404896753
85 109 11.0321793022
86 109 9.83776482338
87 109 11.4519493693
88 109 12.3290730592
89 109 12.2472040957
90 109 12.0455808478
91 109 13.6114669525
92 109 12.9047278937
93 109 12.7134539587
94 109 14.2240754936
95 109 15.4240984447
96 109 7.73317744433
97 109 14.8091435304
98 109 14.6140905361
99 109 16.0967903794
100 109 17.3155291508
101 109 45.0156464936
102 109 43.2152324675
103 109 41.4618617561
104 109 41.1868541906
105 109 40.7392018478
106 109 39.7579438025
107 109 38.4372429866
108 109 38.6624889079
109 109 44.2240702795
110 109 42.5161131898
111 109 40.7318130099
112 109 39.9505046888
113 109 37.6881533975
114 109 42.7391288678
115 109 40.9269720797
116 109 39.4655622771
117 109 39.1698857505
118 109 38.3301862882
119 109 37.1763867078
120 109 36.7163772152
121 109 34.3534415027
122 109 40.9704849981
123 109 39.150471773
124 109 38.2391032281
125 109 36.0400199343
126 109 36.156961341
127 109 35.7633364531
128 109 33.3732944012
129 109 40.1244767844
130 109 38.2916282045
131 109 38.9015243275
132 109 37.0886114944
133 109 36.6335457478
134 109 34.2365395388
135 109 33.8628883395
136 109 31.4182249118
137 109 36.6139363838
138 109 30.9045676371
139 109 33.8778469649
140 109 33.562937698
141 109 31.1498743198
142 109 30.8859053296
143 109 32.7585020858
144 109 32.3514347347
145 109 27.2703513537
146 109 31.9854274905
147 109 29.8083780038
148 109 29.1996840245
149 109 28.5815939228
150 109 26.268675704
151 109 28.6317864629
152 109 26.3744679038
153 109 27.7437186417
154 109 25.7623773676
155 109 25.366078385
156 109 22.9063599248
157 109 26.95896199
158 109 24.0745559813
159 109 23.9847221549
160 109 21.517614625
161 109 25.9765358616
162 109 23.7625792436
163 109 23.0150944846
164 109 20.821995339
165 109 23.5238376743
166 109 21.039773837
167 109 21.2192903728
168 109 18.9100015179
169 109 21.9680055711
170 109 19.4908520251
171 109 17.2619071861
172 109 21.493632331
173 109 20.7888970133
174 109 18.5914834735
175 109 17.708603297
176 109 16.4016531109
177 109 15.8703087451
178 109 18.7690734913
179 109 17.4489811429
180 109 18.1016749965
181 109 18.3887272017
182 109 15.9921211752
183 109 16.0883346016
184 109 16.2749949645
185 109 13.7300085794
186 109 14.3860156444
187 109 16.839545536
188 109 14.2667440232
189 109 16.2339994308
190 109 14.1102180796
191 109 13.5865826005
192 109 11.5355485298
193 109 15.2314551626
194 109 13.01224639
195 109 13.9513658682
196 109 11.7799673338
197 109 13.1183567549
198 109 13.3822280627
199 109 9.82668986975
200 109 9.39270519379
201 109 13.2275707848
202 109 12.8827329128
203 109 11.0947016579
204 109 12.2596780557
205 109 12.3507050083
206 109 10.367672089
207 109 11.985156854
208 109 11.3028523748
209 109 9.71181702664
210 109 11.0321793022
211 109 8.82708617069
212 109 10.4840602073
213 109 8.33441799201
214 109 9.83776482338
215 109 7.14234288752
216 109 6.7798194222
217 109 6.83103217222
218 109 11.4519493693
219 109 12.6641757558
220 109 12.3290730592
221 109 12.2472040957
222 109 12.9047278937
223 109 14.8091435304
224 109 12.0907142717
225 109 12.0455808478
226 109 12.7134539587
227 109 14.6140905361
228 109 13.704546061
229 109 13.6114669525
230 109 14.2240754936
231 109 16.0967903794
232 109 15.4240984447
233 109 17.3155291508
234 109 45.0156464936
235 109 44.2240702795
236 109 43.2152324675
237 109 42.5161131898
238 109 42.7391288678
239 109 40.9704849981
240 109 40.1244767844
241 109 38.9015243275
242 109 41.4618617561
243 109 40.7318130099
244 109 40.9269720797
245 109 39.150471773
246 109 38.2916282045
247 109 37.0886114944
248 109 36.6139363838
249 109 41.1868541906
250 109 36.6335457478
251 109 40.7392018478
252 109 39.9505046888
253 109 38.2391032281
254 109 39.7579438025
255 109 34.2365395388
256 109 31.9854274905
257 109 34.2597253229
258 109 38.4372429866
259 109 37.6881533975
260 109 36.0400199343
261 109 33.8628883395
262 109 29.8083780038
263 109 31.4182249118
264 109 30.9045676371
265 109 29.1996840245
266 109 28.6317864629
267 109 26.95896199
268 109 25.9765358616
269 109 28.3901127239
270 109 26.2782325684
271 109 28.5815939228
272 109 23.7625792436
273 109 21.493632331
274 109 23.8351967898
275 109 23.1836417049
276 109 20.8152895747
277 109 26.268675704
278 109 24.0745559813
279 109 23.0150944846
280 109 20.7888970133
281 109 23.2014152576
282 109 20.821995339
283 109 18.5914834735
284 109 18.7690734913
285 109 16.839545536
286 109 16.2339994308
287 109 17.9678512504
288 109 15.771689163
289 109 15.3431731223
290 109 17.708603297
291 109 16.4016531109
292 109 14.1102180796
293 109 15.7477851767
294 109 13.4990865579
295 109 13.2438350529
296 109 10.7582074794
297 109 15.8703087451
298 109 14.2667440232
299 109 13.5865826005
300 109 12.9321126147
301 109 10.0026408949
302 109 11.5355485298
303 109 9.39270519379
304 109 8.03070062096
305 109 8.34221048586
306 109 6.36582508508
307 109 5.87224250382
308 109 7.14234288752
309 109 4.44371030843
310 109 3.62950097193
311 109 6.7798194222
312 109 3.95788191523
313 109 4.83404896753
314 109 7.73317744433
315 109 6.83103217222
