9 48 A B 46.88 38.19 81.15 38.62 33.6 83.1 9.64874213508904 F T -2.6704999999999997 -5.655752057291665 3.094316790105772
10 47 A B 45.98 32.21 81.08 40.71 28.97 80.2 6.248592796418159 P S -0.20999999999999996 -5.655752057291665 3.094316790105772
10 48 A B 45.98 32.21 81.08 38.62 33.6 83.1 7.75771188725116 P T 3.5615 -5.655752057291665 3.094316790105772
10 49 A B 45.98 32.21 81.08 39.37 32.46 77.2 7.668705624777683 P V -1.0450000000000017 -5.655752057291665 3.094316790105772
11 47 A B 42.26 35.58 78.14 40.71 28.97 80.2 7.09494333030951 P S -3.7785000000000006 -5.655752057291665 3.094316790105772
11 48 A B 42.26 35.58 78.14 38.62 33.6 83.1 6.463095215767665 P T -0.007000000000000561 -5.655752057291665 3.094316790105772
11 49 A B 42.26 35.58 78.14 39.37 32.46 77.2 4.355469917322065 P V -4.613500000000002 -5.655752057291665 3.094316790105772
11 50 A B 42.26 35.58 78.14 35.58 36.62 76.33 6.99857401508733 P S -0.9195000000000007 -5.655752057291665 3.094316790105772
11 53 A B 42.26 35.58 78.14 36.0 37.64 72.51 8.667643162965616 P V -1.931000000000001 -5.655752057291665 3.094316790105772
12 49 A B 47.33 37.39 76.48 39.37 32.46 77.2 9.390683677738927 T V -9.403000000000002 -5.655752057291665 3.094316790105772
13 49 A B 48.4 32.44 74.56 39.37 32.46 77.2 9.408025491206738 S V -6.723000000000002 -5.655752057291665 3.094316790105772
14 47 A B 42.83 32.01 74.0 40.71 28.97 80.2 7.223293415987983 I S -9.552499999999998 -5.655752057291665 3.094316790105772
14 49 A B 42.83 32.01 74.0 39.37 32.46 77.2 4.734353305116726 I V -10.387500000000001 -5.655752057291665 3.094316790105772
14 50 A B 42.83 32.01 74.0 35.58 36.62 76.33 8.901882618871133 I S -6.693499999999999 -5.655752057291665 3.094316790105772
14 53 A B 42.83 32.01 74.0 36.0 37.64 72.51 8.975852643243806 I V -7.705 -5.655752057291665 3.094316790105772
14 54 A B 42.83 32.01 74.0 34.88 32.19 70.67 8.621126633765963 I L -11.254499999999998 -5.655752057291665 3.094316790105772
14 87 A C 42.83 32.01 74.0 36.32 26.65 74.74 8.465064131375605 I L -11.9265 -5.655752057291665 3.094316790105772
15 49 A B 42.99 37.26 72.72 39.37 32.46 77.2 7.497651250879273 L V -10.704500000000001 -5.655752057291665 3.094316790105772
15 50 A B 42.99 37.26 72.72 35.58 36.62 76.33 8.267393867727394 L S -7.0104999999999995 -5.655752057291665 3.094316790105772
15 53 A B 42.99 37.26 72.72 36.0 37.64 72.51 7.003472273966444 L V -8.022 -5.655752057291665 3.094316790105772
15 54 A B 42.99 37.26 72.72 34.88 32.19 70.67 9.781590837774637 L L -11.571499999999999 -5.655752057291665 3.094316790105772
18 49 A B 41.0 34.08 68.69 39.37 32.46 77.2 8.814835159398498 L V -13.282000000000002 -5.655752057291665 3.094316790105772
18 50 A B 41.0 34.08 68.69 35.58 36.62 76.33 9.705542545237964 L S -9.588000000000001 -5.655752057291665 3.094316790105772
18 53 A B 41.0 34.08 68.69 36.0 37.64 72.51 7.22952144236744 L V -10.5995 -5.655752057291665 3.094316790105772
18 54 A B 41.0 34.08 68.69 34.88 32.19 70.67 6.704243590426935 L L -14.149 -5.655752057291665 3.094316790105772
18 57 A B 41.0 34.08 68.69 35.25 35.14 65.79 6.526569058419952 L I -13.785 -5.655752057291665 3.094316790105772
18 91 A C 41.0 34.08 68.69 36.91 25.41 68.23 9.597324356415745 L V -11.731 -5.655752057291665 3.094316790105772
19 53 A B 43.23 38.47 66.28 36.0 37.64 72.51 9.579913269320109 A V -6.3265 -5.655752057291665 3.094316790105772
19 57 A B 43.23 38.47 66.28 35.25 35.14 65.79 8.660796891477036 A I -9.512 -5.655752057291665 3.094316790105772
21 57 A B 42.05 31.34 63.58 35.25 35.14 65.79 8.097164922307977 I I -11.011 -5.655752057291665 3.094316790105772
21 91 A C 42.05 31.34 63.58 36.91 25.41 68.23 9.121787737918885 I V -8.956999999999999 -5.655752057291665 3.094316790105772
21 94 A C 42.05 31.34 63.58 34.19 28.23 63.78 8.455277178804975 I D -10.564499999999999 -5.655752057291665 3.094316790105772
21 95 A C 42.05 31.34 63.58 35.91 23.83 61.52 9.916819127152078 I L -7.688999999999998 -5.655752057291665 3.094316790105772
22 54 A B 39.71 36.24 63.04 34.88 32.19 70.67 9.896881511083679 F L -12.212499999999999 -5.655752057291665 3.094316790105772
22 56 A B 39.71 36.24 63.04 31.65 37.76 67.9 9.533812832153892 F G -7.221000000000001 -5.655752057291665 3.094316790105772
22 57 A B 39.71 36.24 63.04 35.25 35.14 65.79 5.353886146426963 F I -11.848500000000001 -5.655752057291665 3.094316790105772
22 58 A B 39.71 36.24 63.04 30.73 32.49 64.58 9.852638966205436 F V -11.1455 -5.655752057291665 3.094316790105772
22 60 A B 39.71 36.24 63.04 31.78 38.06 61.39 8.301793692576569 F G -7.324000000000001 -5.655752057291665 3.094316790105772
22 61 A B 39.71 36.24 63.04 30.75 33.46 59.99 9.864709492044604 F D -9.469999999999999 -5.655752057291665 3.094316790105772
22 94 A C 39.71 36.24 63.04 34.19 28.23 63.78 9.75592825488745 F D -11.402000000000001 -5.655752057291665 3.094316790105772
25 57 A B 38.46 33.04 58.51 35.25 35.14 65.79 8.228762086862618 K I -12.657499999999999 -5.655752057291665 3.094316790105772
25 58 A B 38.46 33.04 58.51 30.73 32.49 64.58 9.843796761887365 K V -11.9545 -5.655752057291665 3.094316790105772
25 60 A B 38.46 33.04 58.51 31.78 38.06 61.39 8.83839291632057 K G -8.133 -5.655752057291665 3.094316790105772
25 61 A B 38.46 33.04 58.51 30.75 33.46 59.99 7.861990478308996 K D -10.279 -5.655752057291665 3.094316790105772
25 64 A B 38.46 33.04 58.51 31.29 36.58 55.71 8.472335920639196 K L -12.0735 -5.655752057291665 3.094316790105772
25 94 A C 38.46 33.04 58.51 34.19 28.23 63.78 8.315162171911787 K D -12.211 -5.655752057291665 3.094316790105772
25 97 A C 38.46 33.04 58.51 30.06 27.83 59.95 9.988879364440413 K L -13.6495 -5.655752057291665 3.094316790105772
25 98 A C 38.46 33.04 58.51 34.77 26.99 57.21 7.204762433892222 K T -9.5055 -5.655752057291665 3.094316790105772
25 101 A C 38.46 33.04 58.51 30.64 29.18 53.99 9.822543947078929 K I -12.648 -5.655752057291665 3.094316790105772
26 60 A B 40.0 38.2 56.92 31.78 38.06 61.39 9.357825572948968 I G -7.202 -5.655752057291665 3.094316790105772
26 64 A B 40.0 38.2 56.92 31.29 36.58 55.71 8.941620567617871 I L -11.1425 -5.655752057291665 3.094316790105772
28 64 A B 39.73 31.89 53.17 31.29 36.58 55.71 9.984052502372265 A L -8.092 -5.655752057291665 3.094316790105772
28 98 A C 39.73 31.89 53.17 34.77 26.99 57.21 8.058113586753924 A T -5.524 -5.655752057291665 3.094316790105772
28 101 A C 39.73 31.89 53.17 30.64 29.18 53.99 9.520745956463603 A I -8.666500000000001 -5.655752057291665 3.094316790105772
28 102 A C 39.73 31.89 53.17 33.36 25.32 51.31 9.33816740383506 A A -4.7865 -5.655752057291665 3.094316790105772
29 60 A B 36.28 35.85 54.01 31.78 38.06 61.39 8.921799785558258 A G -6.529999999999999 -5.655752057291665 3.094316790105772
29 61 A B 36.28 35.85 54.01 30.75 33.46 59.99 8.488428814008037 A D -8.675999999999998 -5.655752057291665 3.094316790105772
29 63 A B 36.28 35.85 54.01 29.05 40.38 58.94 9.853868270449146 A V -9.0215 -5.655752057291665 3.094316790105772
29 64 A B 36.28 35.85 54.01 31.29 36.58 55.71 5.321934439238567 A L -10.4705 -5.655752057291665 3.094316790105772
29 67 A B 36.28 35.85 54.01 29.15 40.61 52.6 8.688072740208455 A L -9.343499999999999 -5.655752057291665 3.094316790105772
29 68 A B 36.28 35.85 54.01 28.0 35.65 50.17 9.129292400637574 A I -12.587 -5.655752057291665 3.094316790105772
29 98 A C 36.28 35.85 54.01 34.77 26.99 57.21 9.540423304605502 A T -7.902499999999999 -5.655752057291665 3.094316790105772
29 101 A C 36.28 35.85 54.01 30.64 29.18 53.99 8.734922355390601 A I -11.045 -5.655752057291665 3.094316790105772
30 64 A B 39.15 39.11 50.76 31.29 36.58 55.71 9.627201616828838 S L -8.35 -5.655752057291665 3.094316790105772
32 64 A B 34.93 33.36 49.09 31.29 36.58 55.71 8.212331537153505 L L -11.672 -5.655752057291665 3.094316790105772
32 67 A B 34.93 33.36 49.09 29.15 40.61 52.6 9.914181567572204 L L -10.545 -5.655752057291665 3.094316790105772
32 68 A B 34.93 33.36 49.09 28.0 35.65 50.17 7.3780352491831085 L I -13.788499999999999 -5.655752057291665 3.094316790105772
32 71 A B 34.93 33.36 49.09 27.72 39.68 46.41 9.955345904607457 L A -10.634 -5.655752057291665 3.094316790105772
32 101 A C 34.93 33.36 49.09 30.64 29.18 53.99 7.738638469402139 L I -12.246500000000001 -5.655752057291665 3.094316790105772
32 102 A C 34.93 33.36 49.09 33.36 25.32 51.31 8.48733875742874 L A -8.3665 -5.655752057291665 3.094316790105772
32 105 A C 34.93 33.36 49.09 30.36 29.32 47.53 6.29603914320941 L V -12.1275 -5.655752057291665 3.094316790105772
33 64 A B 33.64 38.48 48.71 31.29 36.58 55.71 7.624466153827882 W L -11.865 -5.655752057291665 3.094316790105772
33 67 A B 33.64 38.48 48.71 29.15 40.61 52.6 6.31102984831148 W L -10.738 -5.655752057291665 3.094316790105772
33 68 A B 33.64 38.48 48.71 28.0 35.65 50.17 6.476888081052712 W I -13.9815 -5.655752057291665 3.094316790105772
33 70 A B 33.64 38.48 48.71 24.55 42.05 50.03 9.854714597056017 W L -11.562999999999999 -5.655752057291665 3.094316790105772
33 71 A B 33.64 38.48 48.71 27.72 39.68 46.41 6.463466502184001 W A -10.827000000000002 -5.655752057291665 3.094316790105772
33 105 A C 33.64 38.48 48.71 30.36 29.32 47.53 9.800836184581078 W V -12.3205 -5.655752057291665 3.094316790105772
34 71 A B 37.37 39.0 44.81 27.72 39.68 46.41 9.805349976918897 A A -7.729000000000001 -5.655752057291665 3.094316790105772
35 105 A C 35.51 33.95 43.25 30.36 29.32 47.53 8.141116377175006 A V -7.504999999999999 -5.655752057291665 3.094316790105772
35 109 A C 35.51 33.95 43.25 28.83 28.27 40.91 9.07526213262634 A G -2.1814999999999998 -5.655752057291665 3.094316790105772
36 67 A B 30.67 35.09 44.93 29.15 40.61 52.6 9.571294497451083 A L -8.273499999999999 -5.655752057291665 3.094316790105772
36 68 A B 30.67 35.09 44.93 28.0 35.65 50.17 5.907628928580971 A I -11.517 -5.655752057291665 3.094316790105772
36 71 A B 30.67 35.09 44.93 27.72 39.68 46.41 5.6534064551489625 A A -8.3625 -5.655752057291665 3.094316790105772
36 72 A B 30.67 35.09 44.93 24.09 36.15 45.12 6.667540879927309 A V -8.513499999999999 -5.655752057291665 3.094316790105772
36 105 A C 30.67 35.09 44.93 30.36 29.32 47.53 6.336323619963674 A V -9.855999999999998 -5.655752057291665 3.094316790105772
36 108 A C 30.67 35.09 44.93 26.31 29.43 44.66 7.149692569765758 A L -11.819999999999999 -5.655752057291665 3.094316790105772
36 109 A C 30.67 35.09 44.93 28.83 28.27 40.91 8.127631886308953 A G -4.5325 -5.655752057291665 3.094316790105772
37 67 A B 31.55 40.27 43.63 29.15 40.61 52.6 9.291741049795624 W L -10.7405 -5.655752057291665 3.094316790105772
37 68 A B 31.55 40.27 43.63 28.0 35.65 50.17 8.758906712176621 W I -13.984 -5.655752057291665 3.094316790105772
37 70 A B 31.55 40.27 43.63 24.55 42.05 50.03 9.650303951556584 W L -11.5655 -5.655752057291665 3.094316790105772
37 71 A B 31.55 40.27 43.63 27.72 39.68 46.41 4.769213017735131 W A -10.829500000000001 -5.655752057291665 3.094316790105772
37 72 A B 31.55 40.27 43.63 24.09 36.15 45.12 8.651362388265923 W V -10.9805 -5.655752057291665 3.094316790105772
37 74 A B 31.55 40.27 43.63 24.02 43.32 42.61 8.188026495812068 W F -8.681000000000001 -5.655752057291665 3.094316790105772
37 76 A B 31.55 40.27 43.63 26.27 41.57 36.66 8.840209394711053 W G -8.3635 -5.655752057291665 3.094316790105772
37 77 A B 31.55 40.27 43.63 29.44 44.94 35.42 9.678074448411994 W R -7.416500000000001 -5.655752057291665 3.094316790105772
38 71 A B 34.2 38.04 39.42 27.72 39.68 46.41 9.671615183082869 H A -6.458500000000001 -5.655752057291665 3.094316790105772
38 76 A B 34.2 38.04 39.42 26.27 41.57 36.66 9.1084239557012 H G -3.9925 -5.655752057291665 3.094316790105772
38 77 A B 34.2 38.04 39.42 29.44 44.94 35.42 9.288033731273106 H R -3.0455 -5.655752057291665 3.094316790105772
39 71 A B 30.45 35.31 38.85 27.72 39.68 46.41 9.148957281765613 G A -5.453000000000001 -5.655752057291665 3.094316790105772
39 72 A B 30.45 35.31 38.85 24.09 36.15 45.12 8.970402095802427 G V -5.603999999999999 -5.655752057291665 3.094316790105772
39 76 A B 30.45 35.31 38.85 26.27 41.57 36.66 7.839392548013869 G G -2.987 -5.655752057291665 3.094316790105772
39 108 A C 30.45 35.31 38.85 26.31 29.43 44.66 9.2450061794364 G L -8.910499999999999 -5.655752057291665 3.094316790105772
39 109 A C 30.45 35.31 38.85 28.83 28.27 40.91 7.511965206768707 G G -1.623 -5.655752057291665 3.094316790105772
39 111 A C 30.45 35.31 38.85 23.27 29.71 39.3 9.116739038918535 G L -6.838000000000001 -5.655752057291665 3.094316790105772
40 71 A B 27.38 39.09 39.19 27.72 39.68 46.41 7.252042326873729 Q A -8.3375 -5.655752057291665 3.094316790105772
40 72 A B 27.38 39.09 39.19 24.09 36.15 45.12 7.391386136459959 Q V -8.488499999999998 -5.655752057291665 3.094316790105772
40 73 A B 27.38 39.09 39.19 20.57 40.55 45.97 9.719882984242341 Q Y -7.493500000000001 -5.655752057291665 3.094316790105772
40 74 A B 27.38 39.09 39.19 24.02 43.32 42.61 6.3936609997418605 Q F -6.189 -5.655752057291665 3.094316790105772
40 75 A B 27.38 39.09 39.19 21.91 42.12 37.59 6.454593729107123 Q L -6.349 -5.655752057291665 3.094316790105772
40 76 A B 27.38 39.09 39.19 26.27 41.57 36.66 3.7125986415722694 Q G -5.8715 -5.655752057291665 3.094316790105772
40 77 A B 27.38 39.09 39.19 29.44 44.94 35.42 7.258029433442544 Q R -4.9245 -5.655752057291665 3.094316790105772
41 75 A B 24.71 36.32 34.81 21.91 42.12 37.59 7.0148685012860135 K L -6.7775 -5.655752057291665 3.094316790105772
41 76 A B 24.71 36.32 34.81 26.27 41.57 36.66 5.780882167880628 K G -6.300000000000001 -5.655752057291665 3.094316790105772
41 77 A B 24.71 36.32 34.81 29.44 44.94 35.42 9.851364950578109 K R -5.353 -5.655752057291665 3.094316790105772
41 78 A B 24.71 36.32 34.81 25.1 45.53 31.48 9.801280341999924 K L -6.891 -5.655752057291665 3.094316790105772
41 111 A C 24.71 36.32 34.81 23.27 29.71 39.3 8.119469498090792 K L -10.151 -5.655752057291665 3.094316790105772
42 75 A B 24.65 41.24 31.95 21.91 42.12 37.59 6.331791770659037 P L -5.5615000000000006 -5.655752057291665 3.094316790105772
42 76 A B 24.65 41.24 31.95 26.27 41.57 36.66 4.991732443315648 P G -5.0840000000000005 -5.655752057291665 3.094316790105772
42 77 A B 24.65 41.24 31.95 29.44 44.94 35.42 6.976744812979882 P R -4.1370000000000005 -5.655752057291665 3.094316790105772
42 78 A B 24.65 41.24 31.95 25.1 45.53 31.48 4.33906406489222 P L -5.675000000000001 -5.655752057291665 3.094316790105772
43 75 A B 20.42 41.76 33.41 21.91 42.12 37.59 4.452201961799948 G L -3.886 -5.655752057291665 3.094316790105772
43 76 A B 20.42 41.76 33.41 26.27 41.57 36.66 6.694856528809803 G G -3.4085 -5.655752057291665 3.094316790105772
43 77 A B 20.42 41.76 33.41 29.44 44.94 35.42 9.773070318561164 G R -2.4615 -5.655752057291665 3.094316790105772
43 78 A B 20.42 41.76 33.41 25.1 45.53 31.48 6.3119099713131455 G L -3.9995 -5.655752057291665 3.094316790105772
44 75 A B 17.92 39.83 29.63 21.91 42.12 37.59 9.193791420579927 T L -2.3850000000000002 -5.655752057291665 3.094316790105772
44 78 A B 17.92 39.83 29.63 25.1 45.53 31.48 9.352265554598667 T L -2.4985 -5.655752057291665 3.094316790105772
45 75 A B 14.57 42.76 32.25 21.91 42.12 37.59 9.099494661154504 H L -2.406 -5.655752057291665 3.094316790105772
46 79 B C 37.35 26.17 83.66 34.7 25.44 86.67 4.07620585006642 C C -4.8805000000000005 -5.655752057291665 3.094316790105772
46 80 B C 37.35 26.17 83.66 32.01 30.2 88.15 8.05708309381608 C S -4.067 -5.655752057291665 3.094316790105772
46 81 B C 37.35 26.17 83.66 34.94 30.45 83.8 4.91386863594402 C T -7.9465 -5.655752057291665 3.094316790105772
46 82 B C 37.35 26.17 83.66 32.82 29.35 79.17 7.126951677259549 C V -10.8365 -5.655752057291665 3.094316790105772
46 83 B C 37.35 26.17 83.66 31.98 23.96 79.31 7.255587227297167 C S -7.068 -5.655752057291665 3.094316790105772
46 84 B C 37.35 26.17 83.66 37.54 23.54 78.99 5.363016937312535 C P -5.8375 -5.655752057291665 3.094316790105772
46 85 B C 37.35 26.17 83.66 34.3 21.47 76.26 9.281838454784241 C G -4.2865 -5.655752057291665 3.094316790105772
46 87 B C 37.35 26.17 83.66 36.32 26.65 74.74 8.992096556883526 C L -10.860000000000001 -5.655752057291665 3.094316790105772
47 79 B C 40.71 28.97 80.2 34.7 25.44 86.67 9.510093953403892 S C -6.5525 -5.655752057291665 3.094316790105772
47 81 B C 40.71 28.97 80.2 34.94 30.45 83.8 6.960125970032175 S T -9.618500000000001 -5.655752057291665 3.094316790105772
47 82 B C 40.71 28.97 80.2 32.82 29.35 79.17 7.966014603663145 S V -12.508499999999998 -5.655752057291665 3.094316790105772
47 84 B C 40.71 28.97 80.2 37.54 23.54 78.99 6.402957814631196 S P -7.5095 -5.655752057291665 3.094316790105772
47 87 B C 40.71 28.97 80.2 36.32 26.65 74.74 7.380114038925169 S L -12.532 -5.655752057291665 3.094316790105772
48 79 B C 38.62 33.6 83.1 34.7 25.44 86.67 9.731230644035717 T C -2.7809999999999997 -5.655752057291665 3.094316790105772
48 80 B C 38.62 33.6 83.1 32.01 30.2 88.15 8.986357622955568 T S -1.9674999999999998 -5.655752057291665 3.094316790105772
48 81 B C 38.62 33.6 83.1 34.94 30.45 83.8 4.894373732691015 T T -5.8469999999999995 -5.655752057291665 3.094316790105772
48 82 B C 38.62 33.6 83.1 32.82 29.35 79.17 8.194350330326676 T V -8.736999999999998 -5.655752057291665 3.094316790105772
49 81 B C 39.37 32.46 77.2 34.94 30.45 83.8 8.199089981386185 V T -10.453500000000002 -5.655752057291665 3.094316790105772
49 82 B C 39.37 32.46 77.2 32.82 29.35 79.17 7.513686628263482 V V -13.3435 -5.655752057291665 3.094316790105772
49 84 B C 39.37 32.46 77.2 37.54 23.54 78.99 9.280051904566513 V P -8.344500000000002 -5.655752057291665 3.094316790105772
49 87 B C 39.37 32.46 77.2 36.32 26.65 74.74 7.007865911668616 V L -13.367000000000003 -5.655752057291665 3.094316790105772
50 81 B C 35.58 36.62 76.33 34.94 30.45 83.8 9.70975796524648 S T -6.7595 -5.655752057291665 3.094316790105772
50 82 B C 35.58 36.62 76.33 32.82 29.35 79.17 8.278651455053877 S V -9.6495 -5.655752057291665 3.094316790105772
51 81 B C 32.07 32.0 75.7 34.94 30.45 83.8 8.73209541753286 P T -8.66 -5.655752057291665 3.094316790105772
51 82 B C 32.07 32.0 75.7 32.82 29.35 79.17 4.43011359333954 P V -11.549999999999999 -5.655752057291665 3.094316790105772
51 83 B C 32.07 32.0 75.7 31.98 23.96 79.31 8.813729015342203 P S -7.781499999999999 -5.655752057291665 3.094316790105772
51 86 B C 32.07 32.0 75.7 30.96 24.97 75.88 7.119368730377752 P V -7.537 -5.655752057291665 3.094316790105772
51 87 B C 32.07 32.0 75.7 36.32 26.65 74.74 6.899753787195204 P L -11.573500000000001 -5.655752057291665 3.094316790105772
51 90 B C 32.07 32.0 75.7 32.62 27.62 70.15 7.091497796469847 P I -10.159500000000001 -5.655752057291665 3.094316790105772
52 82 B C 31.39 36.18 73.77 32.82 29.35 79.17 8.823480963322925 G V -9.87 -5.655752057291665 3.094316790105772
52 90 B C 31.39 36.18 73.77 32.62 27.62 70.15 9.375012233554514 G I -8.479500000000002 -5.655752057291665 3.094316790105772
54 82 B C 34.88 32.19 70.67 32.82 29.35 79.17 9.19560741283157 L V -14.210499999999998 -5.655752057291665 3.094316790105772
54 86 B C 34.88 32.19 70.67 30.96 24.97 75.88 9.728252468804817 L V -10.197499999999998 -5.655752057291665 3.094316790105772
54 87 B C 34.88 32.19 70.67 36.32 26.65 74.74 7.023537753256125 L L -14.234 -5.655752057291665 3.094316790105772
54 89 B C 34.88 32.19 70.67 32.51 22.79 70.57 9.694682546832206 L G -8.776499999999999 -5.655752057291665 3.094316790105772
54 90 B C 34.88 32.19 70.67 32.62 27.62 70.15 5.124732767871742 L I -12.82 -5.655752057291665 3.094316790105772
54 91 B C 34.88 32.19 70.67 36.91 25.41 68.23 7.486177474109068 L V -11.143999999999998 -5.655752057291665 3.094316790105772
54 94 B C 34.88 32.19 70.67 34.19 28.23 63.78 7.976828173373594 L D -12.7515 -5.655752057291665 3.094316790105772
55 90 B C 29.76 34.47 70.46 32.62 27.62 70.15 7.429548862054003 A I -9.711 -5.655752057291665 3.094316790105772
57 90 B C 35.25 35.14 65.79 32.62 27.62 70.15 9.081678762145112 I I -12.456 -5.655752057291665 3.094316790105772
57 94 B C 35.25 35.14 65.79 34.19 28.23 63.78 7.2740504115839935 I D -12.3875 -5.655752057291665 3.094316790105772
58 90 B C 30.73 32.49 64.58 32.62 27.62 70.15 7.636354003537773 V I -11.753 -5.655752057291665 3.094316790105772
58 93 B C 30.73 32.49 64.58 30.92 24.92 65.04 7.586344549093285 V G -7.7805 -5.655752057291665 3.094316790105772
58 94 B C 30.73 32.49 64.58 34.19 28.23 63.78 5.546099237127081 V D -11.6845 -5.655752057291665 3.094316790105772
58 97 B C 30.73 32.49 64.58 30.06 27.83 59.95 6.603137613843535 V L -13.122999999999998 -5.655752057291665 3.094316790105772
61 93 B C 30.75 33.46 59.99 30.92 24.92 65.04 9.922851171913514 D G -6.1049999999999995 -5.655752057291665 3.094316790105772
61 94 B C 30.75 33.46 59.99 34.19 28.23 63.78 7.317825072236443 D D -10.009 -5.655752057291665 3.094316790105772
61 97 B C 30.75 33.46 59.99 30.06 27.83 59.95 5.672265099629553 D L -11.447499999999998 -5.655752057291665 3.094316790105772
61 98 B C 30.75 33.46 59.99 34.77 26.99 57.21 8.108619439697604 D T -7.303499999999999 -5.655752057291665 3.094316790105772
61 100 B C 30.75 33.46 59.99 27.67 25.32 56.18 9.50063682381269 D L -8.575499999999998 -5.655752057291665 3.094316790105772
61 101 B C 30.75 33.46 59.99 30.64 29.18 53.99 7.3709219019781 D I -10.446 -5.655752057291665 3.094316790105772
62 97 B C 26.36 36.64 61.06 30.06 27.83 59.95 9.619676890429288 L L -12.440499999999998 -5.655752057291665 3.094316790105772
64 97 B C 31.29 36.58 55.71 30.06 27.83 59.95 9.800665853807438 L L -13.241999999999999 -5.655752057291665 3.094316790105772
64 101 B C 31.29 36.58 55.71 30.64 29.18 53.99 7.625019058554669 L I -12.2405 -5.655752057291665 3.094316790105772
65 97 B C 26.25 34.59 55.68 30.06 27.83 59.95 8.857008689973476 T L -10.015999999999998 -5.655752057291665 3.094316790105772
65 100 B C 26.25 34.59 55.68 27.67 25.32 56.18 9.391448701005267 T L -7.144 -5.655752057291665 3.094316790105772
65 101 B C 26.25 34.59 55.68 30.64 29.18 53.99 7.169120472442275 T I -9.0145 -5.655752057291665 3.094316790105772
65 104 B C 26.25 34.59 55.68 25.92 27.12 50.22 9.258584108469547 T A -6.476 -5.655752057291665 3.094316790105772
68 101 B C 28.0 35.65 50.17 30.64 29.18 53.99 7.96385204445691 I I -14.357 -5.655752057291665 3.094316790105772
68 104 B C 28.0 35.65 50.17 25.92 27.12 50.22 8.780080392682924 I A -11.8185 -5.655752057291665 3.094316790105772
68 105 B C 28.0 35.65 50.17 30.36 29.32 47.53 7.253145720262317 I V -14.238 -5.655752057291665 3.094316790105772
68 108 B C 28.0 35.65 50.17 26.31 29.43 44.66 8.47965792316896 I L -16.201999999999998 -5.655752057291665 3.094316790105772
72 105 B C 24.09 36.15 45.12 30.36 29.32 47.53 9.57966231226829 V V -11.234499999999997 -5.655752057291665 3.094316790105772
72 108 B C 24.09 36.15 45.12 26.31 29.43 44.66 7.092137372841955 V L -13.1985 -5.655752057291665 3.094316790105772
72 111 B C 24.09 36.15 45.12 23.27 29.71 39.3 8.718854706472879 V L -11.126 -5.655752057291665 3.094316790105772
