0 31 34.2855812322
1 31 33.6180915411
2 31 33.6103691284
3 31 31.7595354949
4 31 32.2510373399
5 31 32.2979495196
6 31 29.6174272296
7 31 27.1403480386
8 31 9.93500308583
9 31 11.1499074639
10 31 14.0985889814
11 31 14.6128238938
12 31 12.9586593757
13 31 14.7494015472
14 31 12.7912832831
15 31 19.821391755
16 31 21.6490106774
17 31 20.9183047039
18 31 21.247279563
19 31 22.989003395
20 31 23.2721686262
21 31 24.6694070481
22 31 24.5405792797
23 31 38.5477487512
24 31 33.6180915411
25 31 32.2510373399
26 31 34.2855812322
27 31 33.6103691284
28 31 32.2979495196
29 31 37.7594610534
30 31 37.4416391329
31 31 31.7595354949
32 31 29.6174272296
33 31 27.1403480386
34 31 12.9586593757
35 31 21.6490106774
36 31 23.2721686262
37 31 24.5405792797
38 31 14.0985889814
39 31 14.7494015472
40 31 20.9183047039
41 31 14.6128238938
42 31 19.821391755
43 31 21.247279563
44 31 22.989003395
45 31 24.6694070481
46 31 37.7594610534
47 31 38.5477487512
48 31 37.4416391329
49 31 9.93500308583
50 31 11.1499074639
51 31 12.7912832831
0 32 34.7277754192
1 32 33.9254768532
2 32 33.9255334593
3 32 32.1383274556
4 32 32.4599260974
5 32 32.514580462
6 32 29.784358132
7 32 27.3300125333
8 32 7.30681046635
9 32 8.14154913467
10 32 12.8423282378
11 32 13.8089321201
12 32 10.3682271115
13 32 13.0691021865
14 32 10.1521336459
15 32 18.5855602346
16 32 19.6975334858
17 32 19.1866422092
18 32 19.8241130257
19 32 21.6022555267
20 32 21.2994622242
21 32 23.2272018809
22 32 22.5175196331
23 32 37.9595946317
24 32 33.9254768532
25 32 32.4599260974
26 32 34.7277754192
27 32 33.9255334593
28 32 32.514580462
29 32 37.2769149593
30 32 36.9642588233
31 32 32.1383274556
32 32 29.784358132
33 32 27.3300125333
34 32 10.3682271115
35 32 19.6975334858
36 32 21.2994622242
37 32 22.5175196331
38 32 12.8423282378
39 32 13.0691021865
40 32 19.1866422092
41 32 13.8089321201
42 32 18.5855602346
43 32 19.8241130257
44 32 21.6022555267
45 32 23.2272018809
46 32 37.2769149593
47 32 37.9595946317
48 32 36.9642588233
49 32 7.30681046635
50 32 8.14154913467
51 32 10.1521336459
0 33 35.440759427
1 33 34.9810034794
2 33 34.7781751315
3 33 33.0103110303
4 33 33.4179985302
5 33 33.2589955713
6 33 30.3668904919
7 33 27.7976553261
8 33 8.15898716057
9 33 8.51447715355
10 33 10.7137738241
11 33 11.5716273948
12 33 8.54918544189
13 33 11.2209170233
14 33 10.3306591827
15 33 16.2245655247
16 33 17.1754049454
17 33 16.7879819639
18 33 17.3222676256
19 33 19.1894228343
20 33 18.9221827623
21 33 20.939427211
22 33 19.9686156242
23 33 38.8505001901
24 33 34.9810034794
25 33 33.4179985302
26 33 35.440759427
27 33 34.7781751315
28 33 33.2589955713
29 33 38.0755071418
30 33 37.5729702892
31 33 33.0103110303
32 33 30.3668904919
33 33 27.7976553261
34 33 8.54918544189
35 33 17.1754049454
36 33 18.9221827623
37 33 19.9686156242
38 33 10.7137738241
39 33 11.2209170233
40 33 16.7879819639
41 33 11.5716273948
42 33 16.2245655247
43 33 17.3222676256
44 33 19.1894228343
45 33 20.939427211
46 33 38.0755071418
47 33 38.8505001901
48 33 37.5729702892
49 33 8.15898716057
50 33 8.51447715355
51 33 10.3306591827
0 35 39.6599366883
1 35 38.9437793321
2 35 38.9138510293
3 35 37.1117810406
4 35 37.4834145119
5 35 37.4996468827
6 35 34.7342002661
7 35 32.2354740139
8 35 4.81234655489
9 35 6.14786418288
10 35 8.64909364708
11 35 9.50122246669
12 35 7.76805898307
13 35 8.95376141113
14 35 7.12638145487
15 35 14.4113559627
16 35 16.30055451
17 35 15.4193606192
18 35 15.8849014984
19 35 17.5219031256
20 35 17.7406298065
21 35 19.0580732367
22 35 19.1949094688
23 35 43.0268463608
24 35 38.9437793321
25 35 37.4834145119
26 35 39.6599366883
27 35 38.9138510293
28 35 37.4996468827
29 35 42.3358298559
30 35 41.9861873711
31 35 37.1117810406
32 35 34.7342002661
33 35 32.2354740139
34 35 7.76805898307
35 35 16.30055451
36 35 17.7406298065
37 35 19.1949094688
38 35 8.64909364708
39 35 8.95376141113
40 35 15.4193606192
41 35 9.50122246669
42 35 14.4113559627
43 35 15.8849014984
44 35 17.5219031256
45 35 19.0580732367
46 35 42.3358298559
47 35 43.0268463608
48 35 41.9861873711
49 35 4.81234655489
50 35 6.14786418288
51 35 7.12638145487
0 36 39.8573833665
1 36 39.1777332368
2 36 39.0730858988
3 36 37.3376809952
4 36 37.6128819415
5 36 37.5511311097
6 36 34.7078074107
7 36 32.2065150799
8 36 3.91339797141
9 36 3.95788191523
10 36 7.46240071901
11 36 8.87931486189
12 36 4.45506833989
13 36 7.25768900043
14 36 5.36620148167
15 36 12.9980607387
16 36 13.8395544642
17 36 13.3198302954
18 36 14.1308065335
19 36 15.8648507248
20 36 15.3501867942
21 36 17.4057362133
22 36 16.6490130638
23 36 42.4900885173
24 36 39.1777332368
25 36 37.6128819415
26 36 39.8573833665
27 36 39.0730858988
28 36 37.5511311097
29 36 41.8460990486
30 36 41.4266031045
31 36 37.3376809952
32 36 34.7078074107
33 36 32.2065150799
34 36 4.45506833989
35 36 13.8395544642
36 36 15.3501867942
37 36 16.6490130638
38 36 7.46240071901
39 36 7.25768900043
40 36 13.3198302954
41 36 8.87931486189
42 36 12.9980607387
43 36 14.1308065335
44 36 15.8648507248
45 36 17.4057362133
46 36 41.8460990486
47 36 42.4900885173
48 36 41.4266031045
49 36 3.91339797141
50 36 3.95788191523
51 36 5.36620148167
0 101 31.97319492
1 101 30.6470254925
2 101 30.7947565714
3 101 29.2788892085
4 101 29.081992768
5 101 29.2982331157
6 101 26.7711655889
7 101 24.6971937956
8 101 12.1888745302
9 101 11.6460980755
10 101 19.3025955385
11 101 20.8559107414
12 101 14.4047237013
13 101 18.7064495632
14 101 13.9107481798
15 101 24.2435140818
16 101 23.4170885873
17 101 23.623866132
18 101 24.8912208543
19 101 26.617773249
20 101 24.8522150919
21 101 28.0169521461
22 101 25.6962491129
23 101 32.3314190044
24 101 30.6470254925
25 101 29.081992768
26 101 31.97319492
27 101 30.7947565714
28 101 29.2982331157
29 101 31.9956778159
30 101 31.8493903036
31 101 29.2788892085
32 101 26.7711655889
33 101 24.6971937956
34 101 14.4047237013
35 101 23.4170885873
36 101 24.8522150919
37 101 25.6962491129
38 101 19.3025955385
39 101 18.7064495632
40 101 23.623866132
41 101 20.8559107414
42 101 24.2435140818
43 101 24.8912208543
44 101 26.617773249
45 101 28.0169521461
46 101 31.9956778159
47 101 32.3314190044
48 101 31.8493903036
49 101 12.1888745302
50 101 11.6460980755
51 101 13.9107481798
0 102 33.720288167
1 102 32.1656774518
2 102 32.4892053103
3 102 30.9160733947
4 102 30.7333783278
5 102 31.1288531557
6 102 28.7428555877
7 102 26.722680011
8 102 10.6662856059
9 102 10.5469141141
10 102 19.064017617
11 102 20.5942609369
12 102 14.5578930302
13 102 18.404494786
14 102 12.6487666856
15 102 24.2367149143
16 102 23.9558639521
17 102 23.8867416134
18 102 25.1071752096
19 102 26.7500359587
20 102 25.2755608981
21 102 28.066103801
22 102 26.3668846461
23 102 34.3972719293
24 102 32.1656774518
25 102 30.7333783278
26 102 33.720288167
27 102 32.4892053103
28 102 31.1288531557
29 102 34.106689331
30 102 34.1222935821
31 102 30.9160733947
32 102 28.7428555877
33 102 26.722680011
34 102 14.5578930302
35 102 23.9558639521
36 102 25.2755608981
37 102 26.3668846461
38 102 19.064017617
39 102 18.404494786
40 102 23.8867416134
41 102 20.5942609369
42 102 24.2367149143
43 102 25.1071752096
44 102 26.7500359587
45 102 28.066103801
46 102 34.106689331
47 102 34.3972719293
48 102 34.1222935821
49 102 10.6662856059
50 102 10.5469141141
51 102 12.6487666856
0 103 36.3857030698
1 103 34.680976883
2 103 35.0578495723
3 103 33.585143362
4 103 33.2489442492
5 103 33.6945433617
6 103 31.4013058825
7 103 29.5112691708
8 103 11.686714529
9 103 11.1619683823
10 103 20.160449436
11 103 21.8610187917
12 103 15.2879063018
13 103 19.1521744124
14 103 12.8707556531
15 103 24.8378323953
16 103 24.0555410565
17 103 24.1206234138
18 103 25.5415720206
19 103 27.0444021265
20 103 25.1625639249
21 103 28.1612579956
22 103 26.2160952152
23 103 36.0481821042
24 103 34.680976883
25 103 33.2489442492
26 103 36.3857030698
27 103 35.0578495723
28 103 33.6945433617
29 103 35.909164231
30 103 35.9901366558
31 103 33.585143362
32 103 31.4013058825
33 103 29.5112691708
34 103 15.2879063018
35 103 24.0555410565
36 103 25.1625639249
37 103 26.2160952152
38 103 20.160449436
39 103 19.1521744124
40 103 24.1206234138
41 103 21.8610187917
42 103 24.8378323953
43 103 25.5415720206
44 103 27.0444021265
45 103 28.1612579956
46 103 35.909164231
47 103 36.0481821042
48 103 35.9901366558
49 103 11.686714529
50 103 11.1619683823
51 103 12.8707556531
0 104 37.2832402942
1 104 35.8792693701
2 104 36.0609378699
3 104 34.5928542752
4 104 34.3208943475
5 104 34.5621231687
6 104 32.0707904165
7 104 30.0402627621
8 104 10.5943317572
9 104 9.52113992947
10 104 17.9105968908
11 104 19.6972458614
12 104 12.6390167205
13 104 16.8117678219
14 104 11.2473156329
15 104 22.2172872552
16 104 20.9320904322
17 104 21.2055422719
18 104 22.7150620261
19 104 24.2338899516
20 104 22.0634690641
21 104 25.3593548266
22 104 22.9632857292
23 104 36.9747719508
24 104 35.8792693701
25 104 34.3208943475
26 104 37.2832402942
27 104 36.0609378699
28 104 34.5621231687
29 104 36.7565233844
30 104 36.6432240479
31 104 34.5928542752
32 104 32.0707904165
33 104 30.0402627621
34 104 12.6390167205
35 104 20.9320904322
36 104 22.0634690641
37 104 22.9632857292
38 104 17.9105968908
39 104 16.8117678219
40 104 21.2055422719
41 104 19.6972458614
42 104 22.2172872552
43 104 22.7150620261
44 104 24.2338899516
45 104 25.3593548266
46 104 36.7565233844
47 104 36.9747719508
48 104 36.6432240479
49 104 10.5943317572
50 104 9.52113992947
51 104 11.2473156329
0 105 37.7220707007
1 105 36.4620951736
2 105 36.6100702935
3 105 35.0181237502
4 105 34.9269580621
5 105 35.1319307966
6 105 32.5404655907
7 105 30.3448446161
8 105 6.822863266
9 105 6.01256241536
10 105 14.7339835553
11 105 16.4399112607
12 105 9.86101045292
13 105 13.7877379613
14 105 8.02088517853
15 105 19.5009520536
16 105 18.9453634365
17 105 18.9192813575
18 105 20.2540520439
19 105 21.8264107162
20 105 20.1705442244
21 105 23.0540118217
22 105 21.28311235
23 105 38.5169789466
24 105 36.4620951736
25 105 34.9269580621
26 105 37.7220707007
27 105 36.6100702935
28 105 35.1319307966
29 105 38.161932927
30 105 37.9997312465
31 105 35.0181237502
32 105 32.5404655907
33 105 30.3448446161
34 105 9.86101045292
35 105 18.9453634365
36 105 20.1705442244
37 105 21.28311235
38 105 14.7339835553
39 105 13.7877379613
40 105 18.9192813575
41 105 16.4399112607
42 105 19.5009520536
43 105 20.2540520439
44 105 21.8264107162
45 105 23.0540118217
46 105 38.161932927
47 105 38.5169789466
48 105 37.9997312465
49 105 6.822863266
50 105 6.01256241536
51 105 8.02088517853
0 106 39.8831560533
1 106 38.3598969757
2 106 38.6738743278
3 106 37.089088883
4 106 36.9259707844
5 106 37.2996176588
6 106 34.8669604519
7 106 32.785623993
8 106 7.48211719422
9 106 7.10631578416
10 106 16.31726361
11 106 18.0010751863
12 106 11.9881414314
13 106 15.1916272467
14 106 8.36746769443
15 106 20.9130501605
16 106 20.6462444868
17 106 20.4313491176
18 106 21.7791792585
19 106 23.1680218284
20 106 21.6266751469
21 106 24.1945055684
22 106 22.9158045083
23 106 40.4344242524
24 106 38.3598969757
25 106 36.9259707844
26 106 39.8831560533
27 106 38.6738743278
28 106 37.2996176588
29 106 40.1826520004
30 106 40.1820279772
31 106 37.089088883
32 106 34.8669604519
33 106 32.785623993
34 106 11.9881414314
35 106 20.6462444868
36 106 21.6266751469
37 106 22.9158045083
38 106 16.31726361
39 106 15.1916272467
40 106 20.4313491176
41 106 18.0010751863
42 106 20.9130501605
43 106 21.7791792585
44 106 23.1680218284
45 106 24.1945055684
46 106 40.1826520004
47 106 40.4344242524
48 106 40.1820279772
49 106 7.48211719422
50 106 7.10631578416
51 106 8.36746769443
0 107 41.9547963416
1 107 40.4664413776
2 107 40.7206698685
3 107 39.2136647761
4 107 38.9632120632
5 107 39.2723728675
6 107 36.8097911548
7 107 34.7597977767
8 107 9.3355821848
9 107 8.24674122775
10 107 16.8277311482
11 107 18.6599397758
12 107 12.0680888158
13 107 15.3868443931
14 107 9.00382891448
15 107 20.6431713242
16 107 19.5669126109
17 107 19.6294952219
18 107 21.2001157018
19 107 22.4612264769
20 107 20.3560588984
21 107 23.3062857907
22 107 21.4850124542
23 107 41.758566196
24 107 40.4664413776
25 107 38.9632120632
26 107 41.9547963416
27 107 40.7206698685
28 107 39.2723728675
29 107 41.5761700344
30 107 41.5259650275
31 107 39.2136647761
32 107 36.8097911548
33 107 34.7597977767
34 107 12.0680888158
35 107 19.5669126109
36 107 20.3560588984
37 107 21.4850124542
38 107 16.8277311482
39 107 15.3868443931
40 107 19.6294952219
41 107 18.6599397758
42 107 20.6431713242
43 107 21.2001157018
44 107 22.4612264769
45 107 23.3062857907
46 107 41.5761700344
47 107 41.758566196
48 107 41.5259650275
49 107 9.3355821848
50 107 8.24674122775
51 107 9.00382891448
0 108 42.2319493342
1 108 41.0414826425
2 108 41.1340196391
3 108 39.5765641772
4 108 39.4616003512
5 108 39.6026448113
6 108 36.9615803952
7 108 34.7473041775
8 108 7.18412822319
9 108 5.59069206192
10 108 13.3848584056
11 108 15.258153516
12 108 8.44234246156
13 108 11.9201959298
14 108 6.30318442672
15 108 17.0966840757
16 108 15.9337457601
17 108 16.0311843852
18 108 17.6000765121
19 108 18.9373833042
20 108 16.8367074804
21 108 19.8843191736
22 108 17.9510482203
23 108 42.63024323
24 108 41.0414826425
25 108 39.4616003512
26 108 42.2319493342
27 108 41.1340196391
28 108 39.6026448113
29 108 42.314678449
30 108 42.0968818233
31 108 39.5765641772
32 108 36.9615803952
33 108 34.7473041775
34 108 8.44234246156
35 108 15.9337457601
36 108 16.8367074804
37 108 17.9510482203
38 108 13.3848584056
39 108 11.9201959298
40 108 16.0311843852
41 108 15.258153516
42 108 17.0966840757
43 108 17.6000765121
44 108 18.9373833042
45 108 19.8843191736
46 108 42.314678449
47 108 42.63024323
48 108 42.0968818233
49 108 7.18412822319
50 108 5.59069206192
51 108 6.30318442672
0 109 43.6385753803
1 109 42.4043017511
2 109 42.5670938193
3 109 40.9269171701
4 109 40.9023374862
5 109 41.114245471
6 109 38.4997614027
7 109 36.241275521
8 109 4.81234655489
9 109 3.95788191523
10 109 12.0703852626
11 109 13.7996887711
12 109 8.33441799201
13 109 10.658509757
14 109 3.75598260338
15 109 16.0967903794
16 109 16.0052623126
17 109 15.6213582124
18 109 16.9667630517
19 109 18.2075873841
20 109 16.8126347141
21 109 19.1097802301
22 109 18.2548705908
23 109 44.7162349978
24 109 42.4043017511
25 109 40.9023374862
26 109 43.6385753803
27 109 42.5670938193
28 109 41.114245471
29 109 44.3572817972
30 109 44.1985394744
31 109 40.9269171701
32 109 38.4997614027
33 109 36.241275521
34 109 8.33441799201
35 109 16.0052623126
36 109 16.8126347141
37 109 18.2548705908
38 109 12.0703852626
39 109 10.658509757
40 109 15.6213582124
41 109 13.7996887711
42 109 16.0967903794
43 109 16.9667630517
44 109 18.2075873841
45 109 19.1097802301
46 109 44.3572817972
47 109 44.7162349978
48 109 44.1985394744
49 109 4.81234655489
50 109 3.95788191523
51 109 3.75598260338
