0 31 21.2148446594
1 31 13.671379426
2 31 9.63578431412
3 31 12.7224634322
4 31 10.1361150341
5 31 7.24013504914
6 31 7.41871708917
7 31 8.31960554673
8 31 7.96548568255
9 31 8.22000342661
10 31 8.07798711061
11 31 21.2148446594
12 31 28.4977187058
13 31 25.2783949047
14 31 23.3811707408
15 31 13.671379426
16 31 9.63578431412
17 31 7.24013504914
18 31 8.22000342661
19 31 13.4963150851
20 31 11.5672954719
21 31 7.41871708917
22 31 11.384776328
23 31 10.9558233998
24 31 28.4977187058
25 31 25.2783949047
26 31 23.3811707408
27 31 12.7224634322
28 31 13.4963150851
29 31 10.1361150341
30 31 8.31960554673
31 31 11.5672954719
32 31 11.384776328
33 31 7.96548568255
34 31 8.07798711061
35 31 10.9558233998
36 31 10.1144568691
37 31 10.1144568691
0 32 21.1993355124
1 32 12.9338201458
2 32 8.74682948351
3 32 11.2724562443
4 32 8.3459643844
5 32 4.99503114983
6 32 4.33738927132
7 32 5.00022239175
8 32 4.29135770028
9 32 6.22898377493
10 32 4.34990418155
11 32 21.1993355124
12 32 27.7554058547
13 32 24.5370809916
14 32 22.3784434899
15 32 12.9338201458
16 32 8.74682948351
17 32 4.99503114983
18 32 6.22898377493
19 32 11.0882233142
20 32 8.73542211042
21 32 4.33738927132
22 32 7.96010105055
23 32 7.27739955638
24 32 27.7554058547
25 32 24.5370809916
26 32 22.3784434899
27 32 11.2724562443
28 32 11.0882233142
29 32 8.3459643844
30 32 5.00022239175
31 32 8.73542211042
32 32 7.96010105055
33 32 4.29135770028
34 32 4.34990418155
35 32 7.27739955638
36 32 6.918875062
37 32 6.918875062
0 33 21.9975926294
1 33 13.7351586639
2 33 9.0743606162
3 33 12.9994165639
4 33 10.2437245776
5 33 4.32005096785
6 33 2.89135798694
7 33 6.93948883428
8 33 6.23026720904
9 33 4.27058192989
10 33 5.00472496222
11 33 21.9975926294
12 33 28.3875029297
13 33 25.4622230972
14 33 23.2492989085
15 33 13.7351586639
16 33 9.0743606162
17 33 4.32005096785
18 33 4.27058192989
19 33 11.4968864583
20 33 8.882539722
21 33 2.89135798694
22 33 7.86063752765
23 33 6.97374757068
24 33 28.3875029297
25 33 25.4622230972
26 33 23.2492989085
27 33 12.9994165639
28 33 11.4968864583
29 33 10.2437245776
30 33 6.93948883428
31 33 8.882539722
32 33 7.86063752765
33 33 6.23026720904
34 33 5.00472496222
35 33 6.97374757068
36 33 9.56232708245
37 33 9.56232708245
0 35 26.2000787011
1 35 17.9415666925
2 35 13.5519714302
3 35 16.2924359077
4 35 13.3239978707
5 35 9.04186055132
6 35 6.86730331489
7 35 9.08471376156
8 35 6.70333102119
9 35 9.48237609092
10 35 6.30482939312
11 35 26.2000787011
12 35 32.7612477146
13 35 29.5944883147
14 35 27.3970566996
15 35 17.9415666925
16 35 13.5519714302
17 35 9.04186055132
18 35 9.48237609092
19 35 15.5484952218
20 35 12.8301678309
21 35 6.86730331489
22 35 11.1000368893
23 35 9.04418322556
24 35 32.7612477146
25 35 29.5944883147
26 35 27.3970566996
27 35 16.2924359077
28 35 15.5484952218
29 35 13.3239978707
30 35 9.08471376156
31 35 12.8301678309
32 35 11.1000368893
33 35 6.70333102119
34 35 6.30482939312
35 35 9.04418322556
36 35 9.26734136844
37 35 9.26734136844
0 36 26.2184661425
1 36 17.6828327576
2 36 13.2984171209
3 36 15.9812464411
4 36 13.0484940549
5 36 8.19655498589
6 36 5.23214404657
7 36 8.21599690254
8 36 5.69576450826
9 36 8.26895606036
10 36 4.50442746876
11 36 26.2184661425
12 36 32.0990447998
13 36 29.0908230015
14 36 26.7188596301
15 36 17.6828327576
16 36 13.2984171209
17 36 8.19655498589
18 36 8.26895606036
19 36 14.0916309269
20 36 11.1449124235
21 36 5.23214404657
22 36 8.80873943304
23 36 6.2222847294
24 36 32.0990447998
25 36 29.0908230015
26 36 26.7188596301
27 36 15.9812464411
28 36 14.0916309269
29 36 13.0484940549
30 36 8.21599690254
31 36 11.1449124235
32 36 8.80873943304
33 36 5.69576450826
34 36 4.50442746876
35 36 6.2222847294
36 36 8.63908631222
37 36 8.63908631222
0 101 18.5705380921
1 101 10.768965963
2 101 9.41989145656
3 101 7.3010608638
4 101 5.88078508897
5 101 8.49995020401
6 101 8.92892845782
7 101 5.00022239175
8 101 7.1306766495
9 101 9.74568953126
10 101 7.76091961337
11 101 18.5705380921
12 101 22.5596021792
13 101 19.434807178
14 101 16.9040948853
15 101 10.768965963
16 101 9.41989145656
17 101 8.49995020401
18 101 9.74568953126
19 101 5.61670062215
20 101 4.85772795267
21 101 8.92892845782
22 101 4.92616794079
23 101 6.8040623687
24 101 22.5596021792
25 101 19.434807178
26 101 16.9040948853
27 101 7.3010608638
28 101 5.61670062215
29 101 5.88078508897
30 101 5.00022239175
31 101 4.85772795267
32 101 4.92616794079
33 101 7.1306766495
34 101 7.76091961337
35 101 6.8040623687
36 101 6.27310334747
37 101 6.27310334747
0 102 20.3838887256
1 102 12.7050166959
2 102 11.1217247162
3 102 8.66187672258
4 102 6.82312545923
5 102 9.77418827501
6 102 9.72134597007
7 102 5.02999295138
8 102 6.17492928592
9 102 11.3555033758
10 102 7.62879184172
11 102 20.3838887256
12 102 24.9396691791
13 102 21.5584129022
14 102 19.2046623158
15 102 12.7050166959
16 102 11.1217247162
17 102 9.77418827501
18 102 11.3555033758
19 102 8.9182253238
20 102 7.86344244328
21 102 9.72134597007
22 102 7.34823365699
23 102 7.93783780991
24 102 24.9396691791
25 102 21.5584129022
26 102 19.2046623158
27 102 8.66187672258
28 102 8.9182253238
29 102 6.82312545923
30 102 5.02999295138
31 102 7.86344244328
32 102 7.34823365699
33 102 6.17492928592
34 102 7.62879184172
35 102 7.93783780991
36 102 3.6330180628
37 102 3.6330180628
0 103 23.3184868826
1 103 15.9539962605
2 103 14.6187764562
3 103 11.8736967623
4 103 10.4324311527
5 103 12.8889774674
6 103 12.2735027364
7 103 8.25569664657
8 103 8.55445896126
9 103 14.2223288617
10 103 9.79712605878
11 103 23.3184868826
12 103 26.9495150245
13 103 23.7088033857
14 103 21.2974680994
15 103 15.9539962605
16 103 14.6187764562
17 103 12.8889774674
18 103 14.2223288617
19 103 11.3505501788
20 103 10.3661943726
21 103 12.2735027364
22 103 9.2284405412
23 103 9.29355499502
24 103 26.9495150245
25 103 23.7088033857
26 103 21.2974680994
27 103 11.8736967623
28 103 11.3505501788
29 103 10.4324311527
30 103 8.25569664657
31 103 10.3661943726
32 103 9.2284405412
33 103 8.55445896126
34 103 9.79712605878
35 103 9.29355499502
36 103 5.7447138783
37 103 5.7447138783
0 104 23.9874131765
1 104 16.1708081263
2 104 14.2382950979
3 104 12.7118253038
4 104 10.9958965467
5 104 11.6777668958
6 104 10.5889732814
7 104 7.83930644451
8 104 7.80054164087
9 104 12.5861611057
10 104 8.33940491833
11 104 23.9874131765
12 104 27.4644433464
13 104 24.4679002032
14 104 21.8991510369
15 104 16.1708081263
16 104 14.2382950979
17 104 11.6777668958
18 104 12.5861611057
19 104 10.5349615456
20 104 9.00426035479
21 104 10.5889732814
22 104 7.07289331194
23 104 6.75302545423
24 104 27.4644433464
25 104 24.4679002032
26 104 21.8991510369
27 104 12.7118253038
28 104 10.5349615456
29 104 10.9958965467
30 104 7.83930644451
31 104 9.00426035479
32 104 7.07289331194
33 104 7.80054164087
34 104 8.33940491833
35 104 6.75302545423
36 104 6.38726300929
37 104 6.38726300929
0 105 24.1106014514
1 105 15.7921166225
2 105 12.9453447969
3 105 12.5354421663
4 105 10.1092505814
5 105 9.4640552946
6 105 7.81103411443
7 105 5.5755834057
8 105 4.29135770028
9 105 10.4663198336
10 105 5.00472496222
11 105 24.1106014514
12 105 28.6755166516
13 105 25.5211822584
14 105 23.0167073093
15 105 15.7921166225
16 105 12.9453447969
17 105 9.4640552946
18 105 10.4663198336
19 105 10.8404713969
20 105 8.56431600181
21 105 7.81103411443
22 105 6.16315014265
23 105 4.63646944367
24 105 28.6755166516
25 105 25.5211822584
26 105 23.0167073093
27 105 12.5354421663
28 105 10.8404713969
29 105 10.1092505814
30 105 5.5755834057
31 105 8.56431600181
32 105 6.16315014265
33 105 4.29135770028
34 105 5.00472496222
35 105 4.63646944367
36 105 3.53509960234
37 105 3.53509960234
0 106 26.4452596655
1 106 18.421656237
2 106 15.8963904052
3 106 14.6829795125
4 106 12.4120959746
5 106 12.7201270566
6 106 11.0763512083
7 106 8.370801825
8 106 6.78815553476
9 106 13.9051224568
10 106 8.01784675346
11 106 26.4452596655
12 106 30.9755933211
13 106 27.6706248379
14 106 25.2565664781
15 106 18.421656237
16 106 15.8963904052
17 106 12.7201270566
18 106 13.9051224568
19 106 13.9514940715
20 106 11.9952689593
21 106 11.0763512083
22 106 9.89764623246
23 106 8.3759143941
24 106 30.9755933211
25 106 27.6706248379
26 106 25.2565664781
27 106 14.6829795125
28 106 13.9514940715
29 106 12.4120959746
30 106 8.370801825
31 106 11.9952689593
32 106 9.89764623246
33 106 6.78815553476
34 106 8.01784675346
35 106 8.3759143941
36 106 4.44534847434
37 106 4.44534847434
0 107 28.5774168943
1 107 20.5781492283
2 107 18.1402546835
3 107 16.9809095455
4 107 14.9114094526
5 107 14.7391127847
6 107 12.8318110065
7 107 10.836352239
8 107 9.35463856837
9 107 15.5885810238
10 107 9.99638375601
11 107 28.5774168943
12 107 32.3640476077
13 107 29.2720802209
14 107 26.7478811774
15 107 20.5781492283
16 107 18.1402546835
17 107 14.7391127847
18 107 15.5885810238
19 107 15.2596459306
20 107 13.3277037878
21 107 12.8318110065
22 107 10.8735742084
23 107 9.19245111962
24 107 32.3640476077
25 107 29.2720802209
26 107 26.7478811774
27 107 16.9809095455
28 107 15.2596459306
29 107 14.9114094526
30 107 10.836352239
31 107 13.3277037878
32 107 10.8735742084
33 107 9.35463856837
34 107 9.99638375601
35 107 9.19245111962
36 107 7.7445287484
37 107 7.7445287484
0 108 28.6359824003
1 108 20.2720147643
2 108 17.1785594331
3 108 17.2459634109
4 108 14.8573115911
5 108 13.0299276716
6 108 10.6233630946
7 108 10.1153156617
8 108 8.12546900338
9 108 13.5134611733
10 108 8.09406431128
11 108 28.6359824003
12 108 32.8013823518
13 108 29.8177380796
14 108 27.2389513586
15 108 20.2720147643
16 108 17.1785594331
17 108 13.0299276716
18 108 13.5134611733
19 108 14.8113487038
20 108 12.3880811925
21 108 10.6233630946
22 108 9.47282342954
23 108 7.04427625384
24 108 32.8013823518
25 108 29.8177380796
26 108 27.2389513586
27 108 17.2459634109
28 108 14.8113487038
29 108 14.8573115911
30 108 10.1153156617
31 108 12.3880811925
32 108 9.47282342954
33 108 8.12546900338
34 108 8.09406431128
35 108 7.04427625384
36 108 8.00292578892
37 108 8.00292578892
0 109 29.9662655504
1 109 21.517614625
2 109 18.1016749965
3 109 18.4063874311
4 109 15.7477851767
5 109 13.7300085794
6 109 11.1283851408
7 109 10.7582074794
8 109 8.03070062096
9 109 14.3860156444
10 109 8.34221048586
11 109 29.9662655504
12 109 34.8633072144
13 109 31.6798357194
14 109 29.1996840245
15 109 21.517614625
16 109 18.1016749965
17 109 13.7300085794
18 109 14.3860156444
19 109 16.839545536
20 109 14.2667440232
21 109 11.1283851408
22 109 11.4917711889
23 109 8.77483549567
24 109 34.8633072144
25 109 31.6798357194
26 109 29.1996840245
27 109 18.4063874311
28 109 16.839545536
29 109 15.7477851767
30 109 10.7582074794
31 109 14.2667440232
32 109 11.4917711889
33 109 8.03070062096
34 109 8.34221048586
35 109 8.77483549567
36 109 7.86956290882
37 109 7.86956290882
