0 31 30.4345704331
1 31 29.5575849433
2 31 28.8016137465
3 31 30.0932839113
4 31 28.1869773228
5 31 27.3125559293
6 31 24.7904506936
7 31 24.0485866984
8 31 26.5473620587
9 31 27.4170329189
10 31 26.6241519782
11 31 24.1766021983
12 31 23.3025700085
13 31 25.2875147973
14 31 24.4806890582
15 31 22.0011386149
16 31 18.8114737455
17 31 20.6460883865
18 31 21.1608811972
19 31 17.9223237802
20 31 16.4435698429
21 31 18.6040700614
22 31 16.3332156516
23 31 15.9337217796
24 31 18.4203535922
25 31 17.4828695307
26 31 16.0738976003
27 31 15.658482575
28 31 14.2841518856
29 31 13.4638868308
30 31 15.6326555676
31 31 13.9144267934
32 31 12.1373735144
33 31 11.5132093286
34 31 13.93386716
35 31 11.2691678639
36 31 11.6717710433
37 31 9.20060826314
38 31 7.34616507553
39 31 9.27022895108
40 31 8.36743257389
41 31 7.8790559559
42 31 6.24428770574
43 31 10.4648607671
44 31 9.89522697223
45 31 10.2230424763
46 31 8.44355450464
47 31 8.47308125114
48 31 7.67027495005
49 31 9.31905724825
50 31 8.79935552598
51 31 5.88530886382
52 31 7.49291551229
53 31 4.4737292752
54 31 7.78214322349
55 31 8.07604555855
56 31 7.7833816078
57 31 5.94595920579
58 31 9.08781584867
59 31 8.50111836658
60 31 10.8016435215
61 31 9.44110180472
62 31 8.90675231804
63 31 8.30559054687
64 31 5.94863492068
65 31 9.62409077747
66 31 9.50644713206
67 31 10.5939146401
68 31 11.6416435396
69 31 9.80062944866
70 31 11.8127077192
71 31 10.3449119214
72 31 9.99418960076
73 31 12.4358277812
74 31 11.3779090116
75 31 12.1900105936
76 31 13.948051927
77 31 13.7964813504
78 31 14.2126461254
79 31 11.0673296369
80 31 11.8285970567
81 31 13.1841076745
82 31 15.3655510932
83 31 13.4499854187
84 31 14.4513928571
85 31 16.0997631176
86 31 16.1106531968
87 31 16.9261465045
88 31 16.2059817031
89 31 16.5177800776
90 31 18.6131037759
91 31 17.9606497486
92 31 18.2566303729
93 31 20.0570496365
94 31 18.1534067445
95 31 20.0506120588
96 31 19.4248642645
97 31 21.6104293971
98 31 39.0210032157
99 31 36.7565814627
100 31 35.2849594514
101 31 35.3691563754
102 31 34.626513203
103 31 34.2524651647
104 31 32.2812562931
105 31 30.0932839113
106 31 37.7932358741
107 31 35.6011217154
108 31 34.0786296278
109 31 33.3419510123
110 31 31.0062056529
111 31 35.6665289574
112 31 34.101871132
113 31 30.4345704331
114 31 29.5575849433
115 31 28.8016137465
116 31 28.1869773228
117 31 27.4170329189
118 31 25.2875147973
119 31 33.7639586178
120 31 32.1968340091
121 31 31.2965838717
122 31 29.0081918303
123 31 27.3125559293
124 31 26.6241519782
125 31 24.4806890582
126 31 33.1304360643
127 31 31.5650656065
128 31 32.5046931034
129 31 31.0039352491
130 31 30.9252882571
131 31 28.8856217307
132 31 27.7684998025
133 31 25.887672192
134 31 30.4357165517
135 31 25.2632662557
136 31 24.7904506936
137 31 24.1766021983
138 31 22.0011386149
139 31 21.1608811972
140 31 24.0485866984
141 31 23.3025700085
142 31 18.4203535922
143 31 26.3874393999
144 31 24.4655960564
145 31 22.2405953479
146 31 20.2699606582
147 31 23.4772080165
148 31 17.4828695307
149 31 18.8114737455
150 31 17.9223237802
151 31 16.4435698429
152 31 16.0738976003
153 31 13.9144267934
154 31 20.9794689537
155 31 17.8803555743
156 31 15.658482575
157 31 21.0504591314
158 31 19.6600473986
159 31 18.0223853077
160 31 17.0545270092
161 31 14.2841518856
162 31 12.1373735144
163 31 11.6717710433
164 31 10.4648607671
165 31 13.4638868308
166 31 11.5132093286
167 31 9.89522697223
168 31 17.6803654461
169 31 16.0016198302
170 31 15.221907222
171 31 13.4440440614
172 31 14.5676193219
173 31 13.0235177232
174 31 16.220003914
175 31 10.2230424763
176 31 9.20060826314
177 31 7.34616507553
178 31 8.44355450464
179 31 7.49291551229
180 31 14.6205554621
181 31 14.3685164496
182 31 12.9033035985
183 31 13.7158375527
184 31 8.47308125114
185 31 7.78214322349
186 31 9.08781584867
187 31 9.62409077747
188 31 10.3449119214
189 31 7.67027495005
190 31 8.50111836658
191 31 9.50644713206
192 31 9.99418960076
193 31 12.6067656729
194 31 12.5979386444
195 31 10.8016435215
196 31 12.4358277812
197 31 8.07604555855
198 31 9.44110180472
199 31 8.90675231804
200 31 10.5939146401
201 31 11.3779090116
202 31 11.0673296369
203 31 11.8285970567
204 31 13.4499854187
205 31 11.6416435396
206 31 12.1900105936
207 31 14.4513928571
208 31 12.5637216251
209 31 14.5266784688
210 31 16.2421103796
211 31 16.0997631176
212 31 13.948051927
213 31 16.1106531968
214 31 16.9261465045
215 31 18.6131037759
216 31 20.0506120588
217 31 13.7964813504
218 31 16.2059817031
219 31 17.9606497486
220 31 19.4248642645
221 31 14.2126461254
222 31 16.5177800776
223 31 18.2566303729
224 31 20.0570496365
225 31 21.6104293971
226 31 39.0210032157
227 31 37.7932358741
228 31 36.7565814627
229 31 35.6011217154
230 31 35.6665289574
231 31 33.7639586178
232 31 33.1304360643
233 31 32.5046931034
234 31 35.2849594514
235 31 34.0786296278
236 31 34.101871132
237 31 32.1968340091
238 31 31.5650656065
239 31 31.0039352491
240 31 30.4357165517
241 31 35.3691563754
242 31 30.9252882571
243 31 34.626513203
244 31 33.3419510123
245 31 31.2965838717
246 31 34.2524651647
247 31 28.8856217307
248 31 26.3874393999
249 31 26.5473620587
250 31 32.2812562931
251 31 31.0062056529
252 31 29.0081918303
253 31 27.7684998025
254 31 24.4655960564
255 31 25.887672192
256 31 25.2632662557
257 31 23.4772080165
258 31 20.9794689537
259 31 21.0504591314
260 31 20.6460883865
261 31 18.6040700614
262 31 22.2405953479
263 31 19.6600473986
264 31 17.6803654461
265 31 16.3332156516
266 31 15.6326555676
267 31 13.93386716
268 31 20.2699606582
269 31 17.8803555743
270 31 18.0223853077
271 31 16.0016198302
272 31 15.9337217796
273 31 17.0545270092
274 31 15.221907222
275 31 16.220003914
276 31 14.6205554621
277 31 11.2691678639
278 31 9.27022895108
279 31 9.31905724825
280 31 13.4440440614
281 31 10.8140382397
282 31 14.5676193219
283 31 14.3685164496
284 31 8.36743257389
285 31 8.79935552598
286 31 13.0235177232
287 31 12.9033035985
288 31 7.8790559559
289 31 7.7833816078
290 31 10.4374498665
291 31 13.7158375527
292 31 12.6067656729
293 31 8.30559054687
294 31 9.80062944866
295 31 12.5637216251
296 31 11.8127077192
297 31 13.1841076745
298 31 12.5979386444
299 31 14.5266784688
300 31 15.3655510932
301 31 18.1534067445
302 31 16.2421103796
303 31 6.24428770574
304 31 5.88530886382
305 31 4.4737292752
306 31 5.94595920579
307 31 5.94863492068
308 31 10.8140382397
309 31 10.4374498665
0 32 30.7119287271
1 32 30.053178109
2 32 29.3109799433
3 32 30.2922834543
4 32 28.4598750321
5 32 27.466179432
6 32 24.967916344
7 32 24.1153193046
8 32 26.3980896845
9 32 27.7459886986
10 32 26.8318498859
11 32 24.4136415427
12 32 23.4288555102
13 32 25.5155891591
14 32 24.5733092446
15 32 22.1135386267
16 32 18.8602236749
17 32 20.3963639424
18 32 21.4629326966
19 32 18.1923687003
20 32 16.5239970598
21 32 18.3487633458
22 32 15.8638273745
23 32 15.5000541854
24 32 18.3303143441
25 32 17.2960722082
26 32 16.0485351949
27 32 15.2028965699
28 32 14.1089932968
29 32 12.9419952228
30 32 15.0266700811
31 32 13.6833355371
32 32 11.6952825182
33 32 10.6400226216
34 32 13.038813146
35 32 10.1792753907
36 32 11.476595257
37 32 8.62137350606
38 32 6.2233376002
39 32 7.97908208035
40 32 6.16711636857
41 32 5.92205427658
42 32 5.25717003107
43 32 9.63199390273
44 32 8.50704458035
45 32 8.83450546703
46 32 6.98215565951
47 32 6.75253975375
48 32 5.24736167744
49 32 7.56746519299
50 32 6.17585212817
51 32 3.99708188779
52 32 6.56751596455
53 32 3.25822946422
54 32 5.4258028038
55 32 5.54699827424
56 32 4.6194398405
57 32 3.43047077663
58 32 7.08286535881
59 32 5.89453965982
60 32 8.54530192059
61 32 7.30630434315
62 32 7.30763391887
63 32 4.96770845449
64 32 3.53955653942
65 32 7.03622081759
66 32 6.49275108892
67 32 8.11082009291
68 32 8.81003071757
69 32 6.24714523035
70 32 8.45040488285
71 32 8.30051091642
72 32 7.52748989468
73 32 10.2615392984
74 32 9.38121459967
75 32 9.78167337044
76 32 12.0253618628
77 32 12.2927205551
78 32 13.1819646382
79 32 9.29641121558
80 32 9.53701143878
81 32 10.1574838358
82 32 12.6663349829
83 32 11.2428190254
84 32 11.9530761375
85 32 13.6351435821
86 32 14.0200862975
87 32 14.9322606796
88 32 14.5034624121
89 32 15.2167814768
90 32 16.6206017399
91 32 16.2363886035
92 32 16.8919131216
93 32 18.733179516
94 32 15.5454445888
95 32 18.2298413528
96 32 17.8567642359
97 32 20.400018019
98 32 38.4311329943
99 32 36.2468133097
100 32 34.6859964779
101 32 34.7064045022
102 32 34.092910039
103 32 33.5446398081
104 32 31.7017035495
105 32 30.2922834543
106 32 37.3041172122
107 32 35.2019921818
108 32 33.5916385038
109 32 32.9237298544
110 32 30.5492795489
111 32 35.2755535852
112 32 33.6229951292
113 32 30.7119287271
114 32 30.053178109
115 32 29.3109799433
116 32 28.4598750321
117 32 27.7459886986
118 32 25.5155891591
119 32 33.3944214451
120 32 31.735207518
121 32 30.9063836156
122 32 28.5795553004
123 32 27.466179432
124 32 26.8318498859
125 32 24.5733092446
126 32 32.6460530673
127 32 30.9805930817
128 32 31.8205241267
129 32 30.208268351
130 32 30.0522250792
131 32 27.8702317893
132 32 26.966897653
133 32 24.8463287521
134 32 29.6202281572
135 32 24.189475006
136 32 24.967916344
137 32 24.4136415427
138 32 22.1135386267
139 32 21.4629326966
140 32 24.1153193046
141 32 23.4288555102
142 32 18.3303143441
143 32 25.4089500411
144 32 23.396208528
145 32 21.4299107904
146 32 19.2299165916
147 32 22.2230146124
148 32 17.2960722082
149 32 18.8602236749
150 32 18.1923687003
151 32 16.5239970598
152 32 16.0485351949
153 32 13.6833355371
154 32 19.9185342269
155 32 16.7666276528
156 32 15.2028965699
157 32 19.6592575531
158 32 17.9789582603
159 32 16.52191724
160 32 15.1120305845
161 32 14.1089932968
162 32 11.6952825182
163 32 11.476595257
164 32 9.63199390273
165 32 12.9419952228
166 32 10.6400226216
167 32 8.50704458035
168 32 15.7987278888
169 32 14.3002873568
170 32 13.0192949327
171 32 11.3997460907
172 32 11.9184317139
173 32 10.4457979341
174 32 13.8129397122
175 32 8.83450546703
176 32 8.62137350606
177 32 6.2233376002
178 32 6.98215565951
179 32 6.56751596455
180 32 11.8634868773
181 32 11.2015108166
182 32 9.75622991464
183 32 10.179198233
184 32 6.75253975375
185 32 5.4258028038
186 32 7.08286535881
187 32 7.03622081759
188 32 8.30051091642
189 32 5.24736167744
190 32 5.89453965982
191 32 6.49275108892
192 32 7.52748989468
193 32 8.91536403796
194 32 8.97403638894
195 32 8.54530192059
196 32 10.2615392984
197 32 5.54699827424
198 32 7.30630434315
199 32 7.30763391887
200 32 8.11082009291
201 32 9.38121459967
202 32 9.29641121558
203 32 9.53701143878
204 32 11.2428190254
205 32 8.81003071757
206 32 9.78167337044
207 32 11.9530761375
208 32 9.00461416849
209 32 11.0975292598
210 32 13.0735999908
211 32 13.6351435821
212 32 12.0253618628
213 32 14.0200862975
214 32 14.9322606796
215 32 16.6206017399
216 32 18.2298413528
217 32 12.2927205551
218 32 14.5034624121
219 32 16.2363886035
220 32 17.8567642359
221 32 13.1819646382
222 32 15.2167814768
223 32 16.8919131216
224 32 18.733179516
225 32 20.400018019
226 32 38.4311329943
227 32 37.3041172122
228 32 36.2468133097
229 32 35.2019921818
230 32 35.2755535852
231 32 33.3944214451
232 32 32.6460530673
233 32 31.8205241267
234 32 34.6859964779
235 32 33.5916385038
236 32 33.6229951292
237 32 31.735207518
238 32 30.9805930817
239 32 30.208268351
240 32 29.6202281572
241 32 34.7064045022
242 32 30.0522250792
243 32 34.092910039
244 32 32.9237298544
245 32 30.9063836156
246 32 33.5446398081
247 32 27.8702317893
248 32 25.4089500411
249 32 26.3980896845
250 32 31.7017035495
251 32 30.5492795489
252 32 28.5795553004
253 32 26.966897653
254 32 23.396208528
255 32 24.8463287521
256 32 24.189475006
257 32 22.2230146124
258 32 19.9185342269
259 32 19.6592575531
260 32 20.3963639424
261 32 18.3487633458
262 32 21.4299107904
263 32 17.9789582603
264 32 15.7987278888
265 32 15.8638273745
266 32 15.0266700811
267 32 13.038813146
268 32 19.2299165916
269 32 16.7666276528
270 32 16.52191724
271 32 14.3002873568
272 32 15.5000541854
273 32 15.1120305845
274 32 13.0192949327
275 32 13.8129397122
276 32 11.8634868773
277 32 10.1792753907
278 32 7.97908208035
279 32 7.56746519299
280 32 11.3997460907
281 32 8.54639256009
282 32 11.9184317139
283 32 11.2015108166
284 32 6.16711636857
285 32 6.17585212817
286 32 10.4457979341
287 32 9.75622991464
288 32 5.92205427658
289 32 4.6194398405
290 32 7.76533067654
291 32 10.179198233
292 32 8.91536403796
293 32 4.96770845449
294 32 6.24714523035
295 32 9.00461416849
296 32 8.45040488285
297 32 10.1574838358
298 32 8.97403638894
299 32 11.0975292598
300 32 12.6663349829
301 32 15.5454445888
302 32 13.0735999908
303 32 5.25717003107
304 32 3.99708188779
305 32 3.25822946422
306 32 3.43047077663
307 32 3.53955653942
308 32 8.54639256009
309 32 7.76533067654
0 33 31.4708485368
1 33 30.8007315259
2 33 30.2804158671
3 33 31.4335324256
4 33 29.4021245608
5 33 28.2269332688
6 33 25.6223652982
7 33 25.0149550241
8 33 27.6763414443
9 33 28.471714785
10 33 27.3604665449
11 33 24.8075162476
12 33 24.0704971345
13 33 26.3789430723
14 33 25.2289354121
15 33 22.6362596984
16 33 19.5079471554
17 33 21.8496957018
18 33 21.7795031109
19 33 18.6040817392
20 33 17.4176762386
21 33 20.0886947829
22 33 17.5342169435
23 33 17.5459801643
24 33 19.0167871986
25 33 17.4691789195
26 33 16.5397389077
27 33 15.754594611
28 33 14.2593928171
29 33 13.3912370163
30 33 16.3481825623
31 33 14.4060003251
32 33 12.0556176763
33 33 11.3724123467
34 33 14.6889278144
35 33 12.2623735894
36 33 11.3220331482
37 33 8.25124155803
38 33 6.69325223734
39 33 10.5188692101
40 33 8.57582626148
41 33 9.01474282112
42 33 8.7998118579
43 33 9.40031989596
44 33 8.6904494656
45 33 7.85382746686
46 33 6.45134989439
47 33 4.97098833661
48 33 4.0297299563
49 33 9.54186099461
50 33 7.77511057492
51 33 7.25087848445
52 33 5.37432577488
53 33 7.02543371715
54 33 3.06534734628
55 33 2.63736853553
56 33 7.42811518938
57 33 7.01496908751
58 33 3.98109619993
59 33 3.16507979258
60 33 5.26416541717
61 33 3.9107202747
62 33 3.88050857254
63 33 6.27605905747
64 33 6.65435447394
65 33 4.09971214749
66 33 4.36406233125
67 33 5.41425373694
68 33 6.76460470608
69 33 6.83882446946
70 33 8.48593829778
71 33 4.82476285686
72 33 4.54235030529
73 33 6.9775462225
74 33 6.21422136445
75 33 7.13477318238
76 33 9.00744091024
77 33 9.79050262665
78 33 10.5765568141
79 33 6.49224254311
80 33 7.20614535174
81 33 10.0608889609
82 33 12.3258126391
83 33 8.58735925511
84 33 9.73818684989
85 33 11.143971834
86 33 11.3938528667
87 33 12.5594737961
88 33 12.3217606093
89 33 12.89892245
90 33 14.3922752884
91 33 14.1852349366
92 33 14.7069270589
93 33 16.6252818268
94 33 14.6848047731
95 33 15.8138168749
96 33 15.5987533773
97 33 18.1241611901
98 33 39.499198889
99 33 37.1678801201
100 33 35.6897350645
101 33 35.8837545428
102 33 35.4196658877
103 33 34.9445442921
104 33 32.9606665329
105 33 31.4335324256
106 33 38.2874130222
107 33 36.0262986772
108 33 34.4982770581
109 33 34.1656597989
110 33 31.713721267
111 33 35.9016106021
112 33 34.3232539883
113 33 31.4708485368
114 33 30.8007315259
115 33 30.2804158671
116 33 29.4021245608
117 33 28.471714785
118 33 26.3789430723
119 33 34.0290647012
120 33 32.448917652
121 33 31.9781298411
122 33 29.5528092538
123 33 28.2269332688
124 33 27.3604665449
125 33 25.2289354121
126 33 33.1119759147
127 33 31.5191103237
128 33 32.3243566602
129 33 30.7876071556
130 33 30.8373799002
131 33 28.699848175
132 33 27.8086234766
133 33 25.6305428802
134 33 29.9790026428
135 33 24.7135748673
136 33 25.6223652982
137 33 24.8075162476
138 33 22.6362596984
139 33 21.7795031109
140 33 25.0149550241
141 33 24.0704971345
142 33 19.0167871986
143 33 26.3191317923
144 33 24.4831109565
145 33 22.5275705695
146 33 20.1729832818
147 33 22.8869014928
148 33 17.4691789195
149 33 19.5079471554
150 33 18.6040817392
151 33 17.4176762386
152 33 16.5397389077
153 33 14.4060003251
154 33 20.6604182504
155 33 17.568411284
156 33 15.754594611
157 33 20.4368047914
158 33 18.8639556148
159 33 17.3659070449
160 33 15.9102814474
161 33 14.2593928171
162 33 12.0556176763
163 33 11.3220331482
164 33 9.40031989596
165 33 13.3912370163
166 33 11.3724123467
167 33 8.6904494656
168 33 16.6420096579
169 33 15.0947009885
170 33 13.7483245935
171 33 12.4217630336
172 33 12.7704583205
173 33 11.0449668882
174 33 14.1130543228
175 33 7.85382746686
176 33 8.25124155803
177 33 6.69325223734
178 33 6.45134989439
179 33 5.37432577488
180 33 12.2652569574
181 33 11.6914179863
182 33 9.91163155025
183 33 10.2948722791
184 33 4.97098833661
185 33 3.06534734628
186 33 3.98109619993
187 33 4.09971214749
188 33 4.82476285686
189 33 4.0297299563
190 33 3.16507979258
191 33 4.36406233125
192 33 4.54235030529
193 33 8.78760662929
194 33 8.31053846036
195 33 5.26416541717
196 33 6.9775462225
197 33 2.63736853553
198 33 3.9107202747
199 33 3.88050857254
200 33 5.41425373694
201 33 6.21422136445
202 33 6.49224254311
203 33 7.20614535174
204 33 8.58735925511
205 33 6.76460470608
206 33 7.13477318238
207 33 9.73818684989
208 33 8.2467993462
209 33 10.1459789237
210 33 12.0061382582
211 33 11.143971834
212 33 9.00744091024
213 33 11.3938528667
214 33 12.5594737961
215 33 14.3922752884
216 33 15.8138168749
217 33 9.79050262665
218 33 12.3217606093
219 33 14.1852349366
220 33 15.5987533773
221 33 10.5765568141
222 33 12.89892245
223 33 14.7069270589
224 33 16.6252818268
225 33 18.1241611901
226 33 39.499198889
227 33 38.2874130222
228 33 37.1678801201
229 33 36.0262986772
230 33 35.9016106021
231 33 34.0290647012
232 33 33.1119759147
233 33 32.3243566602
234 33 35.6897350645
235 33 34.4982770581
236 33 34.3232539883
237 33 32.448917652
238 33 31.5191103237
239 33 30.7876071556
240 33 29.9790026428
241 33 35.8837545428
242 33 30.8373799002
243 33 35.4196658877
244 33 34.1656597989
245 33 31.9781298411
246 33 34.9445442921
247 33 28.699848175
248 33 26.3191317923
249 33 27.6763414443
250 33 32.9606665329
251 33 31.713721267
252 33 29.5528092538
253 33 27.8086234766
254 33 24.4831109565
255 33 25.6305428802
256 33 24.7135748673
257 33 22.8869014928
258 33 20.6604182504
259 33 20.4368047914
260 33 21.8496957018
261 33 20.0886947829
262 33 22.5275705695
263 33 18.8639556148
264 33 16.6420096579
265 33 17.5342169435
266 33 16.3481825623
267 33 14.6889278144
268 33 20.1729832818
269 33 17.568411284
270 33 17.3659070449
271 33 15.0947009885
272 33 17.5459801643
273 33 15.9102814474
274 33 13.7483245935
275 33 14.1130543228
276 33 12.2652569574
277 33 12.2623735894
278 33 10.5188692101
279 33 9.54186099461
280 33 12.4217630336
281 33 11.4381503085
282 33 12.7704583205
283 33 11.6914179863
284 33 8.57582626148
285 33 7.77511057492
286 33 11.0449668882
287 33 9.91163155025
288 33 9.01474282112
289 33 7.42811518938
290 33 10.8307349643
291 33 10.2948722791
292 33 8.78760662929
293 33 6.27605905747
294 33 6.83882446946
295 33 8.2467993462
296 33 8.48593829778
297 33 10.0608889609
298 33 8.31053846036
299 33 10.1459789237
300 33 12.3258126391
301 33 14.6848047731
302 33 12.0061382582
303 33 8.7998118579
304 33 7.25087848445
305 33 7.02543371715
306 33 7.01496908751
307 33 6.65435447394
308 33 11.4381503085
309 33 10.8307349643
0 35 35.6835306378
1 35 34.9668945695
2 35 34.2593015807
3 35 35.3339298096
4 35 33.4598397662
5 35 32.4538486019
6 35 29.9181824996
7 35 29.1340470689
8 35 31.4879646003
9 35 32.6904634207
10 35 31.7496388049
11 35 29.2738246622
12 35 28.3793140056
13 35 30.5029491165
14 35 29.5380606683
15 35 27.0277193349
16 35 23.801479911
17 35 25.4899461974
18 35 26.2645446471
19 35 23.0096608306
20 35 21.4998341633
21 35 23.4264976623
22 35 20.9588955088
23 35 20.5432826942
24 35 23.3005411393
25 35 22.1061152959
26 35 20.9341918028
27 35 20.152222603
28 35 18.8732322585
29 35 17.8418508615
30 35 20.122117434
31 35 18.6427110703
32 35 16.5392544363
33 35 15.6102076637
34 35 18.1312311952
35 35 15.232404236
36 35 16.0596462657
37 35 13.0732429074
38 35 11.0052910757
39 35 12.9349077816
40 35 11.0065761797
41 35 10.4908679308
42 35 9.52588151288
43 35 14.2116615148
44 35 13.2388451817
45 35 12.9634183687
46 35 11.3281999286
47 35 10.2272391416
48 35 8.86873292128
49 35 12.5739306947
50 35 10.8831824205
51 35 8.73340487292
52 35 10.4643187556
53 35 6.88553136417
54 35 8.10347169251
55 35 6.11302833212
56 35 8.41101734594
57 35 7.02076326894
58 35 8.9835522215
59 35 7.57646476588
60 35 9.20761775822
61 35 7.36833224748
62 35 6.28405383175
63 35 5.01676430335
64 35 4.90125989349
65 35 7.83890510492
66 35 6.79822317041
67 35 6.93530392691
68 35 7.36553900244
69 35 6.42330381045
70 35 7.38205052631
71 35 8.49560492896
72 35 7.21525588403
73 35 9.47611848016
74 35 7.8521982355
75 35 7.9782485085
76 35 9.71653551613
77 35 8.69529174333
78 35 9.37904618272
79 35 6.74221015282
80 35 7.03389710892
81 35 7.90366298246
82 35 9.54302092712
83 35 8.83858082228
84 35 9.42958355578
85 35 11.296781632
86 35 11.1550103471
87 35 11.5596297379
88 35 10.6262525542
89 35 11.1275538928
90 35 13.0392156954
91 35 12.2192982356
92 35 12.6780463445
93 35 14.3997622177
94 35 12.1908398817
95 35 14.5935554526
96 35 13.8355688249
97 35 16.107447767
98 35 43.5155290382
99 35 41.3218955309
100 35 39.7647636838
101 35 39.79064086
102 35 39.18888615
103 35 38.6223956425
104 35 36.7959873419
105 35 35.3339298096
106 35 42.3873241572
107 35 40.2652037458
108 35 38.6646487181
109 35 38.0243747383
110 35 35.6460932144
111 35 40.3005840199
112 35 38.6617213413
113 35 35.6835306378
114 35 34.9668945695
115 35 34.2593015807
116 35 33.4598397662
117 35 32.6904634207
118 35 30.5029491165
119 35 38.419083724
120 35 36.7751616007
121 35 35.9974702768
122 35 33.6587090228
123 35 32.4538486019
124 35 31.7496388049
125 35 29.5380606683
126 35 37.6280251616
127 35 35.9770919946
128 35 36.8031731745
129 35 35.1982638889
130 35 35.0735946782
131 35 32.8763930228
132 35 32.0065691759
133 35 29.8426798661
134 35 34.5488699403
135 35 29.1249786994
136 35 29.9181824996
137 35 29.2738246622
138 35 27.0277193349
139 35 26.2645446471
140 35 29.1340470689
141 35 28.3793140056
142 35 23.3005411393
143 35 30.4348588633
144 35 28.4268546506
145 35 26.5011540611
146 35 24.2559351043
147 35 27.1550082597
148 35 22.1061152959
149 35 23.801479911
150 35 23.0096608306
151 35 21.4998341633
152 35 20.9341918028
153 35 18.6427110703
154 35 24.9062662722
155 35 21.758920231
156 35 20.152222603
157 35 24.5837264995
158 35 22.8334088809
159 35 21.4383689501
160 35 19.8657414655
161 35 18.8732322585
162 35 16.5392544363
163 35 16.0596462657
164 35 14.2116615148
165 35 17.8418508615
166 35 15.6102076637
167 35 13.2388451817
168 35 20.5809089692
169 35 19.1567356964
170 35 17.6530067191
171 35 16.1899385396
172 35 16.2821902037
173 35 14.8573180583
174 35 18.1942356795
175 35 12.9634183687
176 35 13.0732429074
177 35 11.0052910757
178 35 11.3281999286
179 35 10.4643187556
180 35 16.0305282632
181 35 14.9212418289
182 35 13.4505813028
183 35 13.0340090638
184 35 10.2272391416
185 35 8.10347169251
186 35 8.9835522215
187 35 7.83890510492
188 35 8.49560492896
189 35 8.86873292128
190 35 7.57646476588
191 35 6.79822317041
192 35 7.21525588403
193 35 10.9483572517
194 35 9.49859747546
195 35 9.20761775822
196 35 9.47611848016
197 35 6.11302833212
198 35 7.36833224748
199 35 6.28405383175
200 35 6.93530392691
201 35 7.8521982355
202 35 6.74221015282
203 35 7.03389710892
204 35 8.83858082228
205 35 7.36553900244
206 35 7.9782485085
207 35 9.42958355578
208 35 9.08263641337
209 35 10.267408755
210 35 11.1590026186
211 35 11.296781632
212 35 9.71653551613
213 35 11.1550103471
214 35 11.5596297379
215 35 13.0392156954
216 35 14.5935554526
217 35 8.69529174333
218 35 10.6262525542
219 35 12.2192982356
220 35 13.8355688249
221 35 9.37904618272
222 35 11.1275538928
223 35 12.6780463445
224 35 14.3997622177
225 35 16.107447767
226 35 43.5155290382
227 35 42.3873241572
228 35 41.3218955309
229 35 40.2652037458
230 35 40.3005840199
231 35 38.419083724
232 35 37.6280251616
233 35 36.8031731745
234 35 39.7647636838
235 35 38.6646487181
236 35 38.6617213413
237 35 36.7751616007
238 35 35.9770919946
239 35 35.1982638889
240 35 34.5488699403
241 35 39.79064086
242 35 35.0735946782
243 35 39.18888615
244 35 38.0243747383
245 35 35.9974702768
246 35 38.6223956425
247 35 32.8763930228
248 35 30.4348588633
249 35 31.4879646003
250 35 36.7959873419
251 35 35.6460932144
252 35 33.6587090228
253 35 32.0065691759
254 35 28.4268546506
255 35 29.8426798661
256 35 29.1249786994
257 35 27.1550082597
258 35 24.9062662722
259 35 24.5837264995
260 35 25.4899461974
261 35 23.4264976623
262 35 26.5011540611
263 35 22.8334088809
264 35 20.5809089692
265 35 20.9588955088
266 35 20.122117434
267 35 18.1312311952
268 35 24.2559351043
269 35 21.758920231
270 35 21.4383689501
271 35 19.1567356964
272 35 20.5432826942
273 35 19.8657414655
274 35 17.6530067191
275 35 18.1942356795
276 35 16.0305282632
277 35 15.232404236
278 35 12.9349077816
279 35 12.5739306947
280 35 16.1899385396
281 35 12.7514394317
282 35 16.2821902037
283 35 14.9212418289
284 35 11.0065761797
285 35 10.8831824205
286 35 14.8573180583
287 35 13.4505813028
288 35 10.4908679308
289 35 8.41101734594
290 35 11.0090979157
291 35 13.0340090638
292 35 10.9483572517
293 35 5.01676430335
294 35 6.42330381045
295 35 9.08263641337
296 35 7.38205052631
297 35 7.90366298246
298 35 9.49859747546
299 35 10.267408755
300 35 9.54302092712
301 35 12.1908398817
302 35 11.1590026186
303 35 9.52588151288
304 35 8.73340487292
305 35 6.88553136417
306 35 7.02076326894
307 35 4.90125989349
308 35 12.7514394317
309 35 11.0090979157
0 36 35.7991365878
1 36 35.246882696
2 36 34.6393948529
3 36 35.5438776038
4 36 33.659810066
5 36 32.5050400869
6 36 29.9731477763
7 36 29.2093623714
8 36 31.5306195463
9 36 32.8556484086
10 36 31.7611429802
11 36 29.2857311857
12 36 28.4109998443
13 36 30.6662931032
14 36 29.5362838117
15 36 27.0251595253
16 36 23.8514295814
17 36 25.6066028694
18 36 26.3368494986
19 36 23.1466291225
20 36 21.703339018
21 36 23.6890977972
22 36 21.1000629358
23 36 20.871421307
24 36 23.2782597025
25 36 21.8694829466
26 36 20.9432315567
27 36 19.9152612722
28 36 18.7345499134
29 36 17.6105481452
30 36 20.0604952852
31 36 18.6602904827
32 36 16.3892832404
33 36 15.3543332763
34 36 18.0704900033
35 36 15.3415553787
36 36 15.9354137184
37 36 12.8477683965
38 36 10.9070485598
39 36 13.2402541628
40 36 10.8873461133
41 36 10.8559986536
42 36 10.7334765829
43 36 13.7739209221
44 36 12.6503713595
45 36 12.0316327305
46 36 10.6868137736
47 36 9.16139179684
48 36 7.70204542548
49 36 12.4148629665
50 36 10.1914593741
51 36 9.42178645565
52 36 10.1011157525
53 36 8.49573098233
54 36 6.67452837777
55 36 3.9981110616
56 36 8.13145770453
57 36 7.83180774906
58 36 7.2539087878
59 36 5.53626240753
60 36 6.69115120666
61 36 5.09313296231
62 36 4.63583988794
63 36 3.79700173229
64 36 6.14903698225
65 36 5.2712722648
66 36 3.72640808707
67 36 3.76417583032
68 36 3.68969482307
69 36 4.02749560478
70 36 4.4160225011
71 36 6.15964169203
72 36 4.37700823032
73 36 6.60598225996
74 36 5.21110361364
75 36 4.73741880922
76 36 7.04236794066
77 36 6.88462772291
78 36 8.2124848955
79 36 4.47734125134
80 36 3.96087087891
81 36 5.255157824
82 36 7.28522812475
83 36 5.85153782121
84 36 6.19105273152
85 36 8.06523130186
86 36 8.38090328058
87 36 9.066445471
88 36 8.67920756208
89 36 9.69134957981
90 36 10.6576752705
91 36 10.3301574213
92 36 11.2170478546
93 36 13.0295532191
94 36 9.77336043514
95 36 12.3575829267
96 36 12.0414686194
97 36 14.766146334
98 36 43.0482216021
99 36 40.8685621356
100 36 39.2897982981
101 36 39.3404362134
102 36 38.9033074123
103 36 38.2432225371
104 36 36.4662778879
105 36 35.5438776038
106 36 41.9680516391
107 36 39.8636544612
108 36 38.2425270285
109 36 37.7972961695
110 36 35.3775733132
111 36 39.8259060597
112 36 38.1628866429
113 36 35.7991365878
114 36 35.246882696
115 36 34.6393948529
116 36 33.659810066
117 36 32.8556484086
118 36 30.6662931032
119 36 37.9788310206
120 36 36.3110123925
121 36 35.7371191759
122 36 33.3523420818
123 36 32.5050400869
124 36 31.7611429802
125 36 29.5362838117
126 36 37.0423716105
127 36 35.3600291866
128 36 36.0893914376
129 36 34.4470593539
130 36 34.3476660477
131 36 32.0885687094
132 36 31.3926027402
133 36 29.0605760064
134 36 33.7046573746
135 36 28.2292989237
136 36 29.9731477763
137 36 29.2857311857
138 36 27.0251595253
139 36 26.3368494986
140 36 29.2093623714
141 36 28.4109998443
142 36 23.2782597025
143 36 29.7399876523
144 36 27.7684443062
145 36 26.0663848383
146 36 23.6444588217
147 36 26.2172007263
148 36 21.8694829466
149 36 23.8514295814
150 36 23.1466291225
151 36 21.703339018
152 36 20.9432315567
153 36 18.6602904827
154 36 24.1875432395
155 36 21.1086962887
156 36 19.9152612722
157 36 23.6474470301
158 36 21.7747606963
159 36 20.539160322
160 36 18.6830627351
161 36 18.7345499134
162 36 16.3892832404
163 36 15.9354137184
164 36 13.7739209221
165 36 17.6105481452
166 36 15.3543332763
167 36 12.6503713595
168 36 19.4330559708
169 36 18.1804338271
170 36 16.350290625
171 36 15.2051925289
172 36 14.7502637846
173 36 13.3873359943
174 36 16.5302892927
175 36 12.0316327305
176 36 12.8477683965
177 36 10.9070485598
178 36 10.6868137736
179 36 10.1011157525
180 36 14.237225826
181 36 12.8499582539
182 36 11.3761332643
183 36 10.4753503541
184 36 9.16139179684
185 36 6.67452837777
186 36 7.2539087878
187 36 5.2712722648
188 36 6.15964169203
189 36 7.70204542548
190 36 5.53626240753
191 36 3.72640808707
192 36 4.37700823032
193 36 8.09931479012
194 36 6.09816585451
195 36 6.69115120666
196 36 6.60598225996
197 36 3.9981110616
198 36 5.09313296231
199 36 4.63583988794
200 36 3.76417583032
201 36 5.21110361364
202 36 4.47734125134
203 36 3.96087087891
204 36 5.85153782121
205 36 3.68969482307
206 36 4.73741880922
207 36 6.19105273152
208 36 5.5772991123
209 36 6.6390028969
210 36 7.74832379063
211 36 8.06523130186
212 36 7.04236794066
213 36 8.38090328058
214 36 9.066445471
215 36 10.6576752705
216 36 12.3575829267
217 36 6.88462772291
218 36 8.67920756208
219 36 10.3301574213
220 36 12.0414686194
221 36 8.2124848955
222 36 9.69134957981
223 36 11.2170478546
224 36 13.0295532191
225 36 14.766146334
226 36 43.0482216021
227 36 41.9680516391
228 36 40.8685621356
229 36 39.8636544612
230 36 39.8259060597
231 36 37.9788310206
232 36 37.0423716105
233 36 36.0893914376
234 36 39.2897982981
235 36 38.2425270285
236 36 38.1628866429
237 36 36.3110123925
238 36 35.3600291866
239 36 34.4470593539
240 36 33.7046573746
241 36 39.3404362134
242 36 34.3476660477
243 36 38.9033074123
244 36 37.7972961695
245 36 35.7371191759
246 36 38.2432225371
247 36 32.0885687094
248 36 29.7399876523
249 36 31.5306195463
250 36 36.4662778879
251 36 35.3775733132
252 36 33.3523420818
253 36 31.3926027402
254 36 27.7684443062
255 36 29.0605760064
256 36 28.2292989237
257 36 26.2172007263
258 36 24.1875432395
259 36 23.6474470301
260 36 25.6066028694
261 36 23.6890977972
262 36 26.0663848383
263 36 21.7747606963
264 36 19.4330559708
265 36 21.1000629358
266 36 20.0604952852
267 36 18.0704900033
268 36 23.6444588217
269 36 21.1086962887
270 36 20.539160322
271 36 18.1804338271
272 36 20.871421307
273 36 18.6830627351
274 36 16.350290625
275 36 16.5302892927
276 36 14.237225826
277 36 15.3415553787
278 36 13.2402541628
279 36 12.4148629665
280 36 15.2051925289
281 36 12.6259971113
282 36 14.7502637846
283 36 12.8499582539
284 36 10.8873461133
285 36 10.1914593741
286 36 13.3873359943
287 36 11.3761332643
288 36 10.8559986536
289 36 8.13145770453
290 36 10.854434036
291 36 10.4753503541
292 36 8.09931479012
293 36 3.79700173229
294 36 4.02749560478
295 36 5.5772991123
296 36 4.4160225011
297 36 5.255157824
298 36 6.09816585451
299 36 6.6390028969
300 36 7.28522812475
301 36 9.77336043514
302 36 7.74832379063
303 36 10.7334765829
304 36 9.42178645565
305 36 8.49573098233
306 36 7.83180774906
307 36 6.14903698225
308 36 12.6259971113
309 36 10.854434036
0 101 27.7743971504
1 101 27.7442472977
2 101 26.9499123395
3 101 26.9372276216
4 101 25.5741148767
5 101 24.4919297769
6 101 22.4119373732
7 101 21.1925606649
8 101 22.4107948019
9 101 25.2260687693
10 101 24.2457330618
11 101 22.3017437756
12 101 20.9506817238
13 101 22.8690448318
14 101 21.8446376791
15 101 19.8943141964
16 101 16.9736968645
17 101 16.8655088671
18 101 20.0233992619
19 101 17.2297567718
20 101 15.1019805784
21 101 15.0910514535
22 101 12.6988789596
23 101 12.4340125725
24 101 16.1694618564
25 101 15.6229433545
26 101 14.8307735466
27 101 13.0925818487
28 101 13.5060528289
29 101 11.6688942338
30 101 11.9486545317
31 101 12.5709714226
32 101 11.3370495875
33 101 9.5014326648
34 101 9.76624127532
35 101 7.90909421823
36 101 12.3303656976
37 101 10.7299594382
38 101 8.92191431699
39 101 7.15857317291
40 101 5.62184411151
41 101 6.60250990133
42 101 8.95928202652
43 101 10.2936367637
44 101 8.41852361756
45 101 9.79552085718
46 101 9.07812854094
47 101 9.94397910795
48 101 8.64931934647
49 101 6.13492008366
50 101 4.95017700476
51 101 7.83574229232
52 101 10.6597842822
53 101 9.98502157088
54 101 9.81642300279
55 101 11.1253983539
56 101 6.02410388953
57 101 8.41589095306
58 101 11.2236007807
59 101 10.2243740055
60 101 12.229730929
61 101 12.4606095405
62 101 13.8490802874
63 101 9.41326866385
64 101 10.1532385159
65 101 11.0498653353
66 101 10.4277001514
67 101 12.8241567867
68 101 12.5106456042
69 101 8.78213630777
70 101 10.4601535279
71 101 12.8924791557
72 101 12.1643180915
73 101 14.2603866346
74 101 14.5398486528
75 101 14.1176188816
76 101 16.7662923332
77 101 18.2721345067
78 101 19.8278016712
79 101 15.3208404514
80 101 14.5163528883
81 101 12.7387702037
82 101 15.5605826397
83 101 15.7192267804
84 101 15.6139411285
85 101 16.7757433169
86 101 18.1756746757
87 101 19.32441021
88 101 19.7586295623
89 101 21.1712320227
90 101 20.7894107939
91 101 21.1935866036
92 101 22.5278080104
93 101 24.2563066057
94 101 18.1596947275
95 101 22.5486548527
96 101 22.9035226149
97 101 25.9568228315
98 101 32.6721531449
99 101 30.8655796896
100 101 29.112589348
101 101 28.877924102
102 101 28.5370127594
103 101 27.5606208149
104 101 26.2010077088
105 101 26.9372276216
106 101 31.8854065525
107 101 30.2092232633
108 101 28.414557297
109 101 27.7591597848
110 101 25.481712268
111 101 30.4442871047
112 101 28.610622336
113 101 27.7743971504
114 101 27.7442472977
115 101 26.9499123395
116 101 25.5741148767
117 101 25.2260687693
118 101 22.8690448318
119 101 28.7173008843
120 101 26.8736181979
121 101 26.0361783381
122 101 23.8522374243
123 101 24.4919297769
124 101 24.2457330618
125 101 21.8446376791
126 101 27.8685039788
127 101 26.0049582437
128 101 26.5712320435
129 101 24.7304683699
130 101 24.2315558999
131 101 21.8255628719
132 101 21.5253443222
133 101 19.0467119477
134 101 24.3319569459
135 101 18.6063835373
136 101 22.4119373732
137 101 22.3017437756
138 101 19.8943141964
139 101 20.0233992619
140 101 21.1925606649
141 101 20.9506817238
142 101 16.1694618564
143 101 19.6147042846
144 101 17.4593309247
145 101 16.4333973682
146 101 14.1118019722
147 101 16.2888723929
148 101 15.6229433545
149 101 16.9736968645
150 101 17.2297567718
151 101 15.1019805784
152 101 14.8307735466
153 101 12.5709714226
154 101 14.7867165361
155 101 12.1415960625
156 101 13.0925818487
157 101 13.6483208114
158 101 11.3854232076
159 101 10.824212426
160 101 8.56922944674
161 101 13.5060528289
162 101 11.3370495875
163 101 12.3303656976
164 101 10.2936367637
165 101 11.6688942338
166 101 9.5014326648
167 101 8.41852361756
168 101 9.18503899516
169 101 8.77885304535
170 101 6.55289877937
171 101 6.0076248816
172 101 4.30589741762
173 101 4.60916783698
174 101 7.02994722724
175 101 9.79552085718
176 101 10.7299594382
177 101 8.92191431699
178 101 9.07812854094
179 101 10.6597842822
180 101 4.78867989334
181 101 3.27357220657
182 101 4.0080479266
183 101 4.22547040842
184 101 9.94397910795
185 101 9.81642300279
186 101 11.2236007807
187 101 11.0498653353
188 101 12.8924791557
189 101 8.64931934647
190 101 10.2243740055
191 101 10.4277001514
192 101 12.1643180915
193 101 5.80910795622
194 101 8.58920392514
195 101 12.229730929
196 101 14.2603866346
197 101 11.1253983539
198 101 12.4606095405
199 101 13.8490802874
200 101 12.8241567867
201 101 14.5398486528
202 101 15.3208404514
203 101 14.5163528883
204 101 15.7192267804
205 101 12.5106456042
206 101 14.1176188816
207 101 15.6139411285
208 101 9.3132322628
209 101 11.3452522701
210 101 14.1093058611
211 101 16.7757433169
212 101 16.7662923332
213 101 18.1756746757
214 101 19.32441021
215 101 20.7894107939
216 101 22.5486548527
217 101 18.2721345067
218 101 19.7586295623
219 101 21.1935866036
220 101 22.9035226149
221 101 19.8278016712
222 101 21.1712320227
223 101 22.5278080104
224 101 24.2563066057
225 101 25.9568228315
226 101 32.6721531449
227 101 31.8854065525
228 101 30.8655796896
229 101 30.2092232633
230 101 30.4442871047
231 101 28.7173008843
232 101 27.8685039788
233 101 26.5712320435
234 101 29.112589348
235 101 28.414557297
236 101 28.610622336
237 101 26.8736181979
238 101 26.0049582437
239 101 24.7304683699
240 101 24.3319569459
241 101 28.877924102
242 101 24.2315558999
243 101 28.5370127594
244 101 27.7591597848
245 101 26.0361783381
246 101 27.5606208149
247 101 21.8255628719
248 101 19.6147042846
249 101 22.4107948019
250 101 26.2010077088
251 101 25.481712268
252 101 23.8522374243
253 101 21.5253443222
254 101 17.4593309247
255 101 19.0467119477
256 101 18.6063835373
257 101 16.2888723929
258 101 14.7867165361
259 101 13.6483208114
260 101 16.8655088671
261 101 15.0910514535
262 101 16.4333973682
263 101 11.3854232076
264 101 9.18503899516
265 101 12.6988789596
266 101 11.9486545317
267 101 9.76624127532
268 101 14.1118019722
269 101 12.1415960625
270 101 10.824212426
271 101 8.77885304535
272 101 12.4340125725
273 101 8.56922944674
274 101 6.55289877937
275 101 7.02994722724
276 101 4.78867989334
277 101 7.90909421823
278 101 7.15857317291
279 101 6.13492008366
280 101 6.0076248816
281 101 5.10868210246
282 101 4.30589741762
283 101 3.27357220657
284 101 5.62184411151
285 101 4.95017700476
286 101 4.60916783698
287 101 4.0080479266
288 101 6.60250990133
289 101 6.02410388953
290 101 5.8567191041
291 101 4.22547040842
292 101 5.80910795622
293 101 9.41326866385
294 101 8.78213630777
295 101 9.3132322628
296 101 10.4601535279
297 101 12.7387702037
298 101 8.58920392514
299 101 11.3452522701
300 101 15.5605826397
301 101 18.1596947275
302 101 14.1093058611
303 101 8.95928202652
304 101 7.83574229232
305 101 9.98502157088
306 101 8.41589095306
307 101 10.1532385159
308 101 5.10868210246
309 101 5.8567191041
0 102 29.5525799824
1 102 29.4084936493
2 102 28.4162842796
3 102 28.4168552239
4 102 27.1863639914
5 102 26.3141835013
6 102 24.2810702237
7 102 22.9165933214
8 102 23.9106074583
9 102 26.9823977179
10 102 26.2120088234
11 102 24.3161554431
12 102 22.8387585548
13 102 24.5489034274
14 102 23.7563094165
15 102 21.8552415763
16 102 18.808461331
17 102 18.1846919091
18 102 21.9923158705
19 102 19.0623698198
20 102 16.6567473403
21 102 16.0531319882
22 102 13.799490815
23 102 13.0176220332
24 102 18.0451354882
25 102 17.8438947424
26 102 16.7075150725
27 102 15.1617386398
28 102 15.5413150898
29 102 13.6805301092
30 102 13.4813414163
31 102 14.2899524363
32 102 13.2148366341
33 102 11.3249828399
34 102 11.0154388077
35 102 8.48449044767
36 102 14.2322072461
37 102 12.4300050723
38 102 10.0739939392
39 102 6.89959200775
40 102 5.52294596946
41 102 5.21936103454
42 102 7.12598937667
43 102 12.3116027861
44 102 10.4097523967
45 102 12.0517815951
46 102 10.8113003305
47 102 11.6853291284
48 102 10.0387112364
49 102 6.82520641862
50 102 5.99908756131
51 102 6.67059560007
52 102 12.0714951921
53 102 8.16337200055
54 102 11.0833281483
55 102 11.8104398974
56 102 4.6194398405
57 102 6.53750830638
58 102 12.7722592469
59 102 11.4017550132
60 102 13.7869691329
61 102 13.4782113677
62 102 14.4409562696
63 102 8.23219395638
64 102 8.17778911899
65 102 12.2824478435
66 102 11.215914289
67 102 13.5074793411
68 102 13.0413132468
69 102 8.16640184902
70 102 9.92647070601
71 102 14.1908634067
72 102 13.0933579295
73 102 15.5523638045
74 102 15.3559690042
75 102 14.807847413
76 102 17.5641495835
77 102 18.390053563
78 102 19.8940415009
79 102 15.6732300407
80 102 14.8187073943
81 102 11.9278188262
82 102 14.6576778943
83 102 16.3247934253
84 102 16.0862221878
85 102 17.5686755105
86 102 18.7816971144
87 102 19.6416957283
88 102 19.7416518406
89 102 21.1153602403
90 102 21.0042848001
91 102 21.0977365143
92 102 22.3999219677
93 102 24.0600079018
94 102 17.5966616605
95 102 22.865655881
96 102 22.9332449835
97 102 25.8783350698
98 102 34.5675693981
99 102 32.8774795864
100 102 31.0837146031
101 102 30.6987094453
102 102 30.1549656536
103 102 29.1599876561
104 102 27.9132450365
105 102 28.4168552239
106 102 33.8287039989
107 102 32.2660289594
108 102 30.4351165863
109 102 29.4242520476
110 102 27.2438782826
111 102 32.6679486187
112 102 30.8110006441
113 102 29.5525799824
114 102 29.4084936493
115 102 28.4162842796
116 102 27.1863639914
117 102 26.9823977179
118 102 24.5489034274
119 102 30.9247866797
120 102 29.0561562625
121 102 27.8614042273
122 102 25.787595475
123 102 26.3141835013
124 102 26.2120088234
125 102 23.7563094165
126 102 30.2627026043
127 102 28.387414619
128 102 29.024042148
129 102 27.1729740127
130 102 26.5285611825
131 102 24.1487855819
132 102 23.751144975
133 102 21.4376040968
134 102 26.9575477312
135 102 21.2339808253
136 102 24.2810702237
137 102 24.3161554431
138 102 21.8552415763
139 102 21.9923158705
140 102 22.9165933214
141 102 22.8387585548
142 102 18.0451354882
143 102 21.8591461855
144 102 19.5773819704
145 102 18.4196031001
146 102 16.3575484555
147 102 18.8954755932
148 102 17.8438947424
149 102 18.808461331
150 102 19.0623698198
151 102 16.6567473403
152 102 16.7075150725
153 102 14.2899524363
154 102 17.2258937226
155 102 14.5209706756
156 102 15.1617386398
157 102 16.2368252069
158 102 14.042823898
159 102 13.4118310558
160 102 11.4851001771
161 102 15.5413150898
162 102 13.2148366341
163 102 14.2322072461
164 102 12.3116027861
165 102 13.6805301092
166 102 11.3249828399
167 102 10.4097523967
168 102 12.0195330636
169 102 11.5027427481
170 102 9.69265224232
171 102 8.64920632078
172 102 7.76806103672
173 102 7.90570947966
174 102 10.5935728948
175 102 12.0517815951
176 102 12.4300050723
177 102 10.0739939392
178 102 10.8113003305
179 102 12.0714951921
180 102 8.51379317722
181 102 7.14594211819
182 102 7.47438669558
183 102 7.18012603787
184 102 11.6853291284
185 102 11.0833281483
186 102 12.7722592469
187 102 12.2824478435
188 102 14.1908634067
189 102 10.0387112364
190 102 11.4017550132
191 102 11.215914289
192 102 13.0933579295
193 102 7.57447978398
194 102 9.48916415
195 102 13.7869691329
196 102 15.5523638045
197 102 11.8104398974
198 102 13.4782113677
199 102 14.4409562696
200 102 13.5074793411
201 102 15.3559690042
202 102 15.6732300407
203 102 14.8187073943
204 102 16.3247934253
205 102 13.0413132468
206 102 14.807847413
207 102 16.0862221878
208 102 9.99750441057
209 102 11.8947196751
210 102 14.3024932259
211 102 17.5686755105
212 102 17.5641495835
213 102 18.7816971144
214 102 19.6416957283
215 102 21.0042848001
216 102 22.865655881
217 102 18.390053563
218 102 19.7416518406
219 102 21.0977365143
220 102 22.9332449835
221 102 19.8940415009
222 102 21.1153602403
223 102 22.3999219677
224 102 24.0600079018
225 102 25.8783350698
226 102 34.5675693981
227 102 33.8287039989
228 102 32.8774795864
229 102 32.2660289594
230 102 32.6679486187
231 102 30.9247866797
232 102 30.2627026043
233 102 29.024042148
234 102 31.0837146031
235 102 30.4351165863
236 102 30.8110006441
237 102 29.0561562625
238 102 28.387414619
239 102 27.1729740127
240 102 26.9575477312
241 102 30.6987094453
242 102 26.5285611825
243 102 30.1549656536
244 102 29.4242520476
245 102 27.8614042273
246 102 29.1599876561
247 102 24.1487855819
248 102 21.8591461855
249 102 23.9106074583
250 102 27.9132450365
251 102 27.2438782826
252 102 25.787595475
253 102 23.751144975
254 102 19.5773819704
255 102 21.4376040968
256 102 21.2339808253
257 102 18.8954755932
258 102 17.2258937226
259 102 16.2368252069
260 102 18.1846919091
261 102 16.0531319882
262 102 18.4196031001
263 102 14.042823898
264 102 12.0195330636
265 102 13.799490815
266 102 13.4813414163
267 102 11.0154388077
268 102 16.3575484555
269 102 14.5209706756
270 102 13.4118310558
271 102 11.5027427481
272 102 13.0176220332
273 102 11.4851001771
274 102 9.69265224232
275 102 10.5935728948
276 102 8.51379317722
277 102 8.48449044767
278 102 6.89959200775
279 102 6.82520641862
280 102 8.64920632078
281 102 3.22837875908
282 102 7.76806103672
283 102 7.14594211819
284 102 5.52294596946
285 102 5.99908756131
286 102 7.90570947966
287 102 7.47438669558
288 102 5.21936103454
289 102 4.6194398405
290 102 2.43194322767
291 102 7.18012603787
292 102 7.57447978398
293 102 8.23219395638
294 102 8.16640184902
295 102 9.99750441057
296 102 9.92647070601
297 102 11.9278188262
298 102 9.48916415
299 102 11.8947196751
300 102 14.6576778943
301 102 17.5966616605
302 102 14.3024932259
303 102 7.12598937667
304 102 6.67059560007
305 102 8.16337200055
306 102 6.53750830638
307 102 8.17778911899
308 102 3.22837875908
309 102 2.43194322767
0 103 32.2230607289
1 103 32.2519760808
2 103 31.2548009772
3 103 30.965063043
4 103 29.9071022399
5 103 29.0291618088
6 103 27.1431293425
7 103 25.7168670322
8 103 26.3516421504
9 103 29.8083288485
10 103 29.0254318376
11 103 27.2691184244
12 103 25.7477416027
13 103 27.3869849969
14 103 26.583455936
15 103 24.8373226028
16 103 21.940222024
17 103 20.9333476114
18 103 25.1252615141
19 103 22.3464732575
20 103 19.9535801396
21 103 18.92902725
22 103 16.8319570716
23 103 16.0543273161
24 103 21.1384635292
25 103 20.9642266915
26 103 19.9928737151
27 103 18.3151262919
28 103 18.8784274291
29 103 16.9925881213
30 103 16.5683798106
31 103 17.6726821692
32 103 16.6445627661
33 103 14.7442666229
34 103 14.2004066922
35 103 12.0331067505
36 103 17.6871220813
37 103 15.8867835802
38 103 13.6408479987
39 103 10.7231042898
40 103 9.34639110712
41 103 9.09887009885
42 103 10.8329333522
43 103 15.6741390087
44 103 13.7548033421
45 103 15.1440157723
46 103 14.0923237028
47 103 14.6490136401
48 103 12.9625774454
49 103 10.5397357967
50 103 9.48489000386
51 103 10.4015171177
52 103 15.3681284578
53 103 11.5141249137
54 103 13.775647275
55 103 14.0311402807
56 103 7.930355313
57 103 9.76295748005
58 103 15.257624287
59 103 13.7430170249
60 103 15.7474226053
61 103 15.549430417
62 103 16.5722004888
63 103 9.94834901809
64 103 10.7519381133
65 103 14.2996827736
66 103 12.9855744073
67 103 15.0509970618
68 103 14.1262439892
69 103 9.40389509676
70 103 10.3469778168
71 103 16.2073193516
72 103 14.8976046785
73 103 17.0707036898
74 103 16.9576086875
75 103 16.0131651144
76 103 18.7371415537
77 103 19.5354986833
78 103 21.212923686
79 103 17.2328222661
80 103 15.9996098334
81 103 11.9628969231
82 103 14.3456743794
83 103 17.3462647259
84 103 16.6899660717
85 103 18.0373550958
86 103 19.441516935
87 103 20.1354103491
88 103 20.3915121404
89 103 21.9707303786
90 103 21.2441103235
91 103 21.4869528001
92 103 23.0022773673
93 103 24.4962415171
94 103 17.0025778032
95 103 23.1326991655
96 103 23.3379452484
97 103 26.3252996669
98 103 36.1449688391
99 103 34.6540790135
100 103 32.807348959
101 103 32.3018482789
102 103 31.8606843484
103 103 30.6863769558
104 103 29.7039898076
105 103 30.965063043
106 103 35.5699034237
107 103 34.2106423525
108 103 32.3375331597
109 103 31.318728569
110 103 29.235279423
111 103 34.6674385502
112 103 32.7735029138
113 103 32.2230607289
114 103 32.2519760808
115 103 31.2548009772
116 103 29.9071022399
117 103 29.8083288485
118 103 27.3869849969
119 103 33.0095859626
120 103 31.1078584101
121 103 29.9224481788
122 103 27.9551721211
123 103 29.0291618088
124 103 29.0254318376
125 103 26.583455936
126 103 32.3116249642
127 103 30.4007162997
128 103 30.9161019302
129 103 29.0160155176
130 103 28.2523805487
131 103 25.8385874654
132 103 25.7046388279
133 103 23.3153027157
134 103 28.8574153308
135 103 23.1818207455
136 103 27.1431293425
137 103 27.2691184244
138 103 24.8373226028
139 103 25.1252615141
140 103 25.7168670322
141 103 25.7477416027
142 103 21.1384635292
143 103 23.7280772621
144 103 21.4681409626
145 103 20.7217804847
146 103 18.7073142292
147 103 20.7996270763
148 103 20.9642266915
149 103 21.940222024
150 103 22.3464732575
151 103 19.9535801396
152 103 19.9928737151
153 103 17.6726821692
154 103 19.5156532359
155 103 17.1061105299
156 103 18.3151262919
157 103 18.2415841554
158 103 15.9394578991
159 103 15.7044335581
160 103 13.5758777079
161 103 18.8784274291
162 103 16.6445627661
163 103 17.6871220813
164 103 15.6741390087
165 103 16.9925881213
166 103 14.7442666229
167 103 13.7548033421
168 103 14.0484947464
169 103 13.9674881896
170 103 11.9318921986
171 103 11.4054297329
172 103 9.76435487901
173 103 10.3560030224
174 103 12.4280820844
175 103 15.1440157723
176 103 15.8867835802
177 103 13.6408479987
178 103 14.0923237028
179 103 15.3681284578
180 103 10.3565402574
181 103 8.50970331914
182 103 9.32543406972
183 103 8.04943374642
184 103 14.6490136401
185 103 13.775647275
186 103 15.257624287
187 103 14.2996827736
188 103 16.2073193516
189 103 12.9625774454
190 103 13.7430170249
191 103 12.9855744073
192 103 14.8976046785
193 103 8.40727247967
194 103 10.0093524789
195 103 15.7474226053
196 103 17.0707036898
197 103 14.0311402807
198 103 15.549430417
199 103 16.5722004888
200 103 15.0509970618
201 103 16.9576086875
202 103 17.2328222661
203 103 15.9996098334
204 103 17.3462647259
205 103 14.1262439892
206 103 16.0131651144
207 103 16.6899660717
208 103 10.4860621054
209 103 11.7589865899
210 103 13.8370348432
211 103 18.0373550958
212 103 18.7371415537
213 103 19.441516935
214 103 20.1354103491
215 103 21.2441103235
216 103 23.1326991655
217 103 19.5354986833
218 103 20.3915121404
219 103 21.4869528001
220 103 23.3379452484
221 103 21.212923686
222 103 21.9707303786
223 103 23.0022773673
224 103 24.4962415171
225 103 26.3252996669
226 103 36.1449688391
227 103 35.5699034237
228 103 34.6540790135
229 103 34.2106423525
230 103 34.6674385502
231 103 33.0095859626
232 103 32.3116249642
233 103 30.9161019302
234 103 32.807348959
235 103 32.3375331597
236 103 32.7735029138
237 103 31.1078584101
238 103 30.4007162997
239 103 29.0160155176
240 103 28.8574153308
241 103 32.3018482789
242 103 28.2523805487
243 103 31.8606843484
244 103 31.318728569
245 103 29.9224481788
246 103 30.6863769558
247 103 25.8385874654
248 103 23.7280772621
249 103 26.3516421504
250 103 29.7039898076
251 103 29.235279423
252 103 27.9551721211
253 103 25.7046388279
254 103 21.4681409626
255 103 23.3153027157
256 103 23.1818207455
257 103 20.7996270763
258 103 19.5156532359
259 103 18.2415841554
260 103 20.9333476114
261 103 18.92902725
262 103 20.7217804847
263 103 15.9394578991
264 103 14.0484947464
265 103 16.8319570716
266 103 16.5683798106
267 103 14.2004066922
268 103 18.7073142292
269 103 17.1061105299
270 103 15.7044335581
271 103 13.9674881896
272 103 16.0543273161
273 103 13.5758777079
274 103 11.9318921986
275 103 12.4280820844
276 103 10.3565402574
277 103 12.0331067505
278 103 10.7231042898
279 103 10.5397357967
280 103 11.4054297329
281 103 6.96853854813
282 103 9.76435487901
283 103 8.50970331914
284 103 9.34639110712
285 103 9.48489000386
286 103 10.3560030224
287 103 9.32543406972
288 103 9.09887009885
289 103 7.930355313
290 103 5.67622759218
291 103 8.04943374642
292 103 8.40727247967
293 103 9.94834901809
294 103 9.40389509676
295 103 10.4860621054
296 103 10.3469778168
297 103 11.9628969231
298 103 10.0093524789
299 103 11.7589865899
300 103 14.3456743794
301 103 17.0025778032
302 103 13.8370348432
303 103 10.8329333522
304 103 10.4015171177
305 103 11.5141249137
306 103 9.76295748005
307 103 10.7519381133
308 103 6.96853854813
309 103 5.67622759218
0 104 33.0894097432
1 104 33.1281535709
2 104 32.3280355491
3 104 32.1836623734
4 104 30.9118045119
5 104 29.8279620745
6 104 27.7988012085
7 104 26.5670458484
8 104 27.5977360506
9 104 30.6040856982
10 104 29.6050583253
11 104 27.6874953122
12 104 26.3508172869
13 104 28.2550053311
14 104 27.2192707643
15 104 25.3003944129
16 104 22.4121997233
17 104 22.1819274687
18 104 25.4244966703
19 104 22.6319933379
20 104 20.5519563374
21 104 20.3824711839
22 104 18.0673468024
23 104 17.6541969799
24 104 21.6057098501
25 104 20.9483951985
26 104 20.2231612443
27 104 18.4863544842
28 104 18.74865767
29 104 16.9712371488
30 104 17.3968144667
31 104 17.9512822418
32 104 16.5173302822
33 104 14.7421784448
34 104 15.1806812104
35 104 13.111845294
36 104 17.2622743715
37 104 15.1914914912
38 104 13.1647501989
39 104 11.8459818508
40 104 9.88163140851
41 104 10.1750796818
42 104 12.0164698547
43 104 15.009232646
44 104 13.1510738349
45 104 13.9124633624
46 104 13.0931932906
47 104 13.1081318215
48 104 11.4938907008
49 104 11.0466538187
50 104 9.26579518868
51 104 10.992491557
52 104 14.2709698112
53 104 12.1422964917
54 104 12.0168362469
55 104 12.0172576814
56 104 8.16332840758
57 104 10.2647468238
58 104 13.1652310285
59 104 11.6726310782
60 104 13.1783465436
61 104 13.2370194721
62 104 14.457195625
63 104 8.89644466743
64 104 10.8702005297
65 104 11.9174753711
66 104 10.6311817157
67 104 12.5293053843
68 104 11.4364436488
69 104 7.68194773577
70 104 8.1468841946
71 104 13.7378199453
72 104 12.4435007789
73 104 14.2344199219
74 104 14.3706881446
75 104 13.2728344962
76 104 15.8924240567
77 104 17.0642162256
78 104 18.8486469086
79 104 14.8566598379
80 104 13.4618604269
81 104 9.85930349507
82 104 12.2419534646
83 104 14.5401331232
84 104 13.7792609383
85 104 14.8884197688
86 104 16.4629169796
87 104 17.2674754272
88 104 17.8025818327
89 104 19.4823699353
90 104 18.3619520398
91 104 18.8659851252
92 104 20.4712630432
93 104 21.9616322072
94 104 14.5451436816
95 104 20.1914070421
96 104 20.6305121341
97 104 23.7063479194
98 104 37.2593492105
99 104 35.6130328955
100 104 33.8209514867
101 104 33.487344117
102 104 33.2204051729
103 104 32.0929827013
104 104 30.9582479856
105 104 32.1836623734
106 104 36.6060835745
107 104 35.0818751463
108 104 33.2601512095
109 104 32.5935862671
110 104 30.393661587
111 104 35.3410217692
112 104 33.4874709603
113 104 33.0894097432
114 104 33.1281535709
115 104 32.3280355491
116 104 30.9118045119
117 104 30.6040856982
118 104 28.2550053311
119 104 33.6772115579
120 104 31.8177994489
121 104 30.9997404969
122 104 28.8914632604
123 104 29.8279620745
124 104 29.6050583253
125 104 27.2192707643
126 104 32.7791566872
127 104 30.8996318885
128 104 31.3671447166
129 104 29.4986992872
130 104 28.9292120498
131 104 26.5003960744
132 104 26.4106806898
133 104 23.8708781629
134 104 29.1039913556
135 104 23.4448307042
136 104 27.7988012085
137 104 27.6874953122
138 104 25.3003944129
139 104 25.4244966703
140 104 26.5670458484
141 104 26.3508172869
142 104 21.6057098501
143 104 24.4424881221
144 104 22.3142205818
145 104 21.572583445
146 104 19.2853560608
147 104 21.1185974162
148 104 20.9483951985
149 104 22.4121997233
150 104 22.6319933379
151 104 20.5519563374
152 104 20.2231612443
153 104 17.9512822418
154 104 19.9032807218
155 104 17.431854857
156 104 18.4863544842
157 104 18.576206676
158 104 16.2533711168
159 104 15.9662136833
160 104 13.5793776552
161 104 18.74865767
162 104 16.5173302822
163 104 17.2622743715
164 104 15.009232646
165 104 16.9712371488
166 104 14.7421784448
167 104 13.1510738349
168 104 14.1576603808
169 104 14.0126678615
170 104 11.6378039884
171 104 11.3873288712
172 104 9.27377221952
173 104 9.58037171489
174 104 11.5934788683
175 104 13.9124633624
176 104 15.1914914912
177 104 13.1647501989
178 104 13.0931932906
179 104 14.2709698112
180 104 9.27501778474
181 104 6.98390106792
182 104 7.563070987
183 104 5.4018141128
184 104 13.1081318215
185 104 12.0168362469
186 104 13.1652310285
187 104 11.9174753711
188 104 13.7378199453
189 104 11.4938907008
190 104 11.6726310782
191 104 10.6311817157
192 104 12.4435007789
193 104 5.44920411001
194 104 6.93923767443
195 104 13.1783465436
196 104 14.2344199219
197 104 12.0172576814
198 104 13.2370194721
199 104 14.457195625
200 104 12.5293053843
201 104 14.3706881446
202 104 14.8566598379
203 104 13.4618604269
204 104 14.5401331232
205 104 11.4364436488
206 104 13.2728344962
207 104 13.7792609383
208 104 7.48567157459
209 104 8.54893210764
210 104 10.781748301
211 104 14.8884197688
212 104 15.8924240567
213 104 16.4629169796
214 104 17.2674754272
215 104 18.3619520398
216 104 20.1914070421
217 104 17.0642162256
218 104 17.8025818327
219 104 18.8659851252
220 104 20.6305121341
221 104 18.8486469086
222 104 19.4823699353
223 104 20.4712630432
224 104 21.9616322072
225 104 23.7063479194
226 104 37.2593492105
227 104 36.6060835745
228 104 35.6130328955
229 104 35.0818751463
230 104 35.3410217692
231 104 33.6772115579
232 104 32.7791566872
233 104 31.3671447166
234 104 33.8209514867
235 104 33.2601512095
236 104 33.4874709603
237 104 31.8177994489
238 104 30.8996318885
239 104 29.4986992872
240 104 29.1039913556
241 104 33.487344117
242 104 28.9292120498
243 104 33.2204051729
244 104 32.5935862671
245 104 30.9997404969
246 104 32.0929827013
247 104 26.5003960744
248 104 24.4424881221
249 104 27.5977360506
250 104 30.9582479856
251 104 30.393661587
252 104 28.8914632604
253 104 26.4106806898
254 104 22.3142205818
255 104 23.8708781629
256 104 23.4448307042
257 104 21.1185974162
258 104 19.9032807218
259 104 18.576206676
260 104 22.1819274687
261 104 20.3824711839
262 104 21.572583445
263 104 16.2533711168
264 104 14.1576603808
265 104 18.0673468024
266 104 17.3968144667
267 104 15.1806812104
268 104 19.2853560608
269 104 17.431854857
270 104 15.9662136833
271 104 14.0126678615
272 104 17.6541969799
273 104 13.5793776552
274 104 11.6378039884
275 104 11.5934788683
276 104 9.27501778474
277 104 13.111845294
278 104 11.8459818508
279 104 11.0466538187
280 104 11.3873288712
281 104 8.77696674119
282 104 9.27377221952
283 104 6.98390106792
284 104 9.88163140851
285 104 9.26579518868
286 104 9.58037171489
287 104 7.563070987
288 104 10.1750796818
289 104 8.16332840758
290 104 7.48963713494
291 104 5.4018141128
292 104 5.44920411001
293 104 8.89644466743
294 104 7.68194773577
295 104 7.48567157459
296 104 8.1468841946
297 104 9.85930349507
298 104 6.93923767443
299 104 8.54893210764
300 104 12.2419534646
301 104 14.5451436816
302 104 10.781748301
303 104 12.0164698547
304 104 10.992491557
305 104 12.1422964917
306 104 10.2647468238
307 104 10.8702005297
308 104 8.77696674119
309 104 7.48963713494
0 105 33.5308612768
1 105 33.3419943683
2 105 32.5270889289
3 105 32.7285888989
4 105 31.2786360937
5 105 30.2234581299
6 105 28.0101651813
7 105 26.8566644002
8 105 28.27151286
9 105 30.8530481882
10 105 29.8780300829
11 105 27.7647349149
12 105 26.5014183141
13 105 28.4887935479
14 105 27.4789267368
15 105 25.3447938668
16 105 22.2452536262
17 105 22.5050044296
18 105 25.2244653486
19 105 22.1894510383
20 105 20.1440989062
21 105 20.5119391747
22 105 18.0543108401
23 105 17.5577872838
24 105 21.4995232401
25 105 20.7058656659
26 105 19.7741890642
27 105 18.2452326259
28 105 18.0786271941
29 105 16.3950142484
30 105 17.3441276519
31 105 17.3506062448
32 105 15.6492650611
33 105 13.9591592743
34 105 15.0125078828
35 105 12.4067155349
36 105 16.1207228806
37 105 13.6179517827
38 105 11.27692999
39 105 10.5517290974
40 105 8.24253864607
41 105 8.1799783739
42 105 9.47355002831
43 105 13.8086661793
44 105 11.9917448725
45 105 12.6003069857
46 105 11.3846174678
47 105 11.1326151319
48 105 9.27227715412
49 105 9.86709499644
50 105 7.77605726954
51 105 8.39683125606
52 105 12.1601841321
53 105 8.93030035716
54 105 9.5674788639
55 105 9.06281337593
56 105 5.41842514955
57 105 7.07511345994
58 105 10.8807124305
59 105 9.11430258472
60 105 10.9573633235
61 105 10.5296289178
62 105 11.4108414961
63 105 5.01676430335
64 105 7.16291546816
65 105 9.42335484087
66 105 7.8453184936
67 105 9.71311980414
68 105 8.71512122494
69 105 4.02749560478
70 105 4.98844961258
71 105 11.2656241521
72 105 9.73554840154
73 105 11.9219838794
74 105 11.6314691297
75 105 10.6180235283
76 105 13.344430678
77 105 14.0617623639
78 105 15.7418414736
79 105 11.8004170666
80 105 10.5316939724
81 105 6.93198829512
82 105 9.64205457806
83 105 11.9275632476
84 105 11.336631665
85 105 12.8059959388
86 105 14.0928783652
87 105 14.808730272
88 105 15.0184720498
89 105 16.5581918822
90 105 16.0289729201
91 105 16.2228814662
92 105 17.6725067892
93 105 19.2462041985
94 105 12.4280048321
95 105 17.913514476
96 105 18.0640225757
97 105 21.0601142187
98 105 38.8422504136
99 105 37.0297436435
100 105 35.2797402119
101 105 35.0301160677
102 105 34.6311743228
103 105 33.6565530157
104 105 32.3091229361
105 105 32.7285888989
106 105 38.0467196374
107 105 36.3419588489
108 105 34.5561452615
109 105 33.8400796066
110 105 31.5646507684
111 105 36.5613378011
112 105 34.7425361925
113 105 33.5308612768
114 105 33.3419943683
115 105 32.5270889289
116 105 31.2786360937
117 105 30.8530481882
118 105 28.4887935479
119 105 34.8079818097
120 105 32.980340944
121 105 32.1128329964
122 105 29.9117062862
123 105 30.2234581299
124 105 29.8780300829
125 105 27.4789267368
126 105 33.9536568661
127 105 32.1100367481
128 105 32.7027150725
129 105 30.8809419019
130 105 30.4181217152
131 105 28.0184725756
132 105 27.6703155785
133 105 25.2088184907
134 105 30.4265840651
135 105 24.7103456898
136 105 28.0101651813
137 105 27.7647349149
138 105 25.3447938668
139 105 25.2244653486
140 105 26.8566644002
141 105 26.5014183141
142 105 21.4995232401
143 105 25.7823453698
144 105 23.6185890985
145 105 22.4581891528
146 105 20.1284242854
147 105 22.4242426452
148 105 20.7058656659
149 105 22.2452536262
150 105 22.1894510383
151 105 20.1440989062
152 105 19.7741890642
153 105 17.3506062448
154 105 20.8075967791
155 105 17.9921530281
156 105 18.2452326259
157 105 19.7735141977
158 105 17.5453723446
159 105 16.8484092791
160 105 14.6278128983
161 105 18.0786271941
162 105 15.6492650611
163 105 16.1207228806
164 105 13.8086661793
165 105 16.3950142484
166 105 13.9591592743
167 105 11.9917448725
168 105 15.288484421
169 105 14.6606332347
170 105 12.4355251094
171 105 11.6333295962
172 105 10.2164745363
173 105 9.83502536706
174 105 12.6811613007
175 105 12.6003069857
176 105 13.6179517827
177 105 11.27692999
178 105 11.3846174678
179 105 12.1601841321
180 105 10.1676672457
181 105 8.08084612745
182 105 7.76504628243
183 105 5.96954726977
184 105 11.1326151319
185 105 9.5674788639
186 105 10.8807124305
187 105 9.42335484087
188 105 11.2656241521
189 105 9.27227715412
190 105 9.11430258472
191 105 7.8453184936
192 105 9.73554840154
193 105 4.58393097615
194 105 5.03497996466
195 105 10.9573633235
196 105 11.9219838794
197 105 9.06281337593
198 105 10.5296289178
199 105 11.4108414961
200 105 9.71311980414
201 105 11.6314691297
202 105 11.8004170666
203 105 10.5316939724
204 105 11.9275632476
205 105 8.71512122494
206 105 10.6180235283
207 105 11.336631665
208 105 5.34442439182
209 105 6.84955042056
210 105 9.07388520708
211 105 12.8059959388
212 105 13.344430678
213 105 14.0928783652
214 105 14.808730272
215 105 16.0289729201
216 105 17.913514476
217 105 14.0617623639
218 105 15.0184720498
219 105 16.2228814662
220 105 18.0640225757
221 105 15.7418414736
222 105 16.5581918822
223 105 17.6725067892
224 105 19.2462041985
225 105 21.0601142187
226 105 38.8422504136
227 105 38.0467196374
228 105 37.0297436435
229 105 36.3419588489
230 105 36.5613378011
231 105 34.8079818097
232 105 33.9536568661
233 105 32.7027150725
234 105 35.2797402119
235 105 34.5561452615
236 105 34.7425361925
237 105 32.980340944
238 105 32.1100367481
239 105 30.8809419019
240 105 30.4265840651
241 105 35.0301160677
242 105 30.4181217152
243 105 34.6311743228
244 105 33.8400796066
245 105 32.1128329964
246 105 33.6565530157
247 105 28.0184725756
248 105 25.7823453698
249 105 28.27151286
250 105 32.3091229361
251 105 31.5646507684
252 105 29.9117062862
253 105 27.6703155785
254 105 23.6185890985
255 105 25.2088184907
256 105 24.7103456898
257 105 22.4242426452
258 105 20.8075967791
259 105 19.7735141977
260 105 22.5050044296
261 105 20.5119391747
262 105 22.4581891528
263 105 17.5453723446
264 105 15.288484421
265 105 18.0543108401
266 105 17.3441276519
267 105 15.0125078828
268 105 20.1284242854
269 105 17.9921530281
270 105 16.8484092791
271 105 14.6606332347
272 105 17.5577872838
273 105 14.6278128983
274 105 12.4355251094
275 105 12.6811613007
276 105 10.1676672457
277 105 12.4067155349
278 105 10.5517290974
279 105 9.86709499644
280 105 11.6333295962
281 105 7.84340144864
282 105 10.2164745363
283 105 8.08084612745
284 105 8.24253864607
285 105 7.77605726954
286 105 9.83502536706
287 105 7.76504628243
288 105 8.1799783739
289 105 5.41842514955
290 105 5.73990977735
291 105 5.96954726977
292 105 4.58393097615
293 105 5.01676430335
294 105 4.02749560478
295 105 5.34442439182
296 105 4.98844961258
297 105 6.93198829512
298 105 5.03497996466
299 105 6.84955042056
300 105 9.64205457806
301 105 12.4280048321
302 105 9.07388520708
303 105 9.47355002831
304 105 8.39683125606
305 105 8.93030035716
306 105 7.07511345994
307 105 7.16291546816
308 105 7.84340144864
309 105 5.73990977735
0 106 35.7111717606
1 106 35.5315651021
2 106 34.5573587761
3 106 34.6099704033
4 106 33.3523133762
5 106 32.4551236746
6 106 30.359701916
7 106 29.0505225553
8 106 30.1081146634
9 106 33.0995683147
10 106 32.2834542992
11 106 30.2930645575
12 106 28.889872259
13 106 30.6759402118
14 106 29.8386873774
15 106 27.8366474543
16 106 24.7267683737
17 106 24.3645906812
18 106 27.8366272074
19 106 24.7995423246
20 106 22.5233318481
21 106 22.2002633967
22 106 19.9244271891
23 106 19.1068587989
24 106 23.9807767561
25 106 23.5133244834
26 106 22.4142324496
27 106 20.9189357719
28 106 20.9419036519
29 106 19.184427489
30 106 19.5373214455
31 106 19.9418131337
32 106 18.4899749902
33 106 16.7139763182
34 106 17.0738592308
35 106 14.3398559043
36 106 19.1232602295
37 106 16.7153696994
38 106 14.1840767046
39 106 12.3267785693
40 106 10.4263238228
41 106 9.71468129478
42 106 10.5741262222
43 106 16.9403258208
44 106 15.0869652642
45 106 16.0097414332
46 106 14.6300543393
47 106 14.5669523865
48 106 12.6429470908
49 106 12.1811386882
50 106 10.5662644725
51 106 10.1479487329
52 106 15.3538972242
53 106 10.0811292396
54 106 12.9461171245
55 106 12.1636709984
56 106 7.4186740943
57 106 8.3866342146
58 106 14.3537622158
59 106 12.5027638433
60 106 14.4160052992
61 106 13.7211034898
62 106 14.2636780233
63 106 6.86054879026
64 106 8.11305503237
65 106 12.806990938
66 106 11.0623879908
67 106 12.6221672402
68 106 11.4498142539
69 106 6.56034519968
70 106 6.91305624729
71 106 14.5754065398
72 106 12.8808810376
73 106 15.0923390803
74 106 14.5111774663
75 106 13.3490119471
76 106 15.9671520083
77 106 16.0435242258
78 106 17.6655678391
79 106 14.2840593598
80 106 12.931437924
81 106 7.89235568188
82 106 9.99128807356
83 106 14.4232684538
84 106 13.5813704885
85 106 15.1703013548
86 106 16.3084654175
87 106 16.6517418783
88 106 16.6041176229
89 106 18.1361832542
90 106 17.5990649897
91 106 17.5539511996
92 106 19.0231969227
93 106 20.4019584038
94 106 12.8680777245
95 106 19.5242702192
96 106 19.4620718923
97 106 22.2902658718
98 106 40.5931276714
99 106 38.9574744596
100 106 37.1489229284
101 106 36.730681227
102 106 36.2213314331
103 106 35.1570117807
104 106 34.0057706707
105 106 34.6099704033
106 106 39.906030561
107 106 38.3806940787
108 106 36.5426652514
109 106 35.5481983596
110 106 33.3870782662
111 106 38.7613870222
112 106 36.9006372102
113 106 35.7111717606
114 106 35.5315651021
115 106 34.5573587761
116 106 33.3523133762
117 106 33.0995683147
118 106 30.6759402118
119 106 37.030656412
120 106 35.1607211072
121 106 34.0160502343
122 106 31.9439227652
123 106 32.4551236746
124 106 32.2834542992
125 106 29.8386873774
126 106 36.309484036
127 106 34.4308260095
128 106 35.0264854427
129 106 33.165029556
130 106 32.5299899746
131 106 30.1259610211
132 106 29.817169309
133 106 27.4352756672
134 106 32.8871682305
135 106 27.1535119092
136 106 30.359701916
137 106 30.2930645575
138 106 27.8366474543
139 106 27.8366272074
140 106 29.0505225553
141 106 28.889872259
142 106 23.9807767561
143 106 27.8959417909
144 106 25.636099472
145 106 24.561406763
146 106 22.4267367018
147 106 24.8080046005
148 106 23.5133244834
149 106 24.7267683737
150 106 24.7995423246
151 106 22.5233318481
152 106 22.4142324496
153 106 19.9418131337
154 106 23.2295615005
155 106 20.4952124738
156 106 20.9189357719
157 106 22.1581227681
158 106 19.8999257959
159 106 19.3271610976
160 106 17.2033273526
161 106 20.9419036519
162 106 18.4899749902
163 106 19.1232602295
164 106 16.9403258208
165 106 19.184427489
166 106 16.7139763182
167 106 15.0869652642
168 106 17.7886794756
169 106 17.2955726508
170 106 15.2038236039
171 106 14.3213346048
172 106 12.9992084753
173 106 12.9093878054
174 106 15.6659860403
175 106 16.0097414332
176 106 16.7153696994
177 106 14.1840767046
178 106 14.6300543393
179 106 15.3538972242
180 106 13.2563692181
181 106 11.213342203
182 106 11.2274847362
183 106 9.50490245996
184 106 14.5669523865
185 106 12.9461171245
186 106 14.3537622158
187 106 12.806990938
188 106 14.5754065398
189 106 12.6429470908
190 106 12.5027638433
191 106 11.0623879908
192 106 12.8808810376
193 106 8.36293075957
194 106 8.37248022561
195 106 14.4160052992
196 106 15.0923390803
197 106 12.1636709984
198 106 13.7211034898
199 106 14.2636780233
200 106 12.6221672402
201 106 14.5111774663
202 106 14.2840593598
203 106 12.931437924
204 106 14.4232684538
205 106 11.4498142539
206 106 13.3490119471
207 106 13.5813704885
208 106 8.45810072087
209 106 9.27260726747
210 106 10.6780195599
211 106 15.1703013548
212 106 15.9671520083
213 106 16.3084654175
214 106 16.6517418783
215 106 17.5990649897
216 106 19.5242702192
217 106 16.0435242258
218 106 16.6041176229
219 106 17.5539511996
220 106 19.4620718923
221 106 17.6655678391
222 106 18.1361832542
223 106 19.0231969227
224 106 20.4019584038
225 106 22.2902658718
226 106 40.5931276714
227 106 39.906030561
228 106 38.9574744596
229 106 38.3806940787
230 106 38.7613870222
231 106 37.030656412
232 106 36.309484036
233 106 35.0264854427
234 106 37.1489229284
235 106 36.5426652514
236 106 36.9006372102
237 106 35.1607211072
238 106 34.4308260095
239 106 33.165029556
240 106 32.8871682305
241 106 36.730681227
242 106 32.5299899746
243 106 36.2213314331
244 106 35.5481983596
245 106 34.0160502343
246 106 35.1570117807
247 106 30.1259610211
248 106 27.8959417909
249 106 30.1081146634
250 106 34.0057706707
251 106 33.3870782662
252 106 31.9439227652
253 106 29.817169309
254 106 25.636099472
255 106 27.4352756672
256 106 27.1535119092
257 106 24.8080046005
258 106 23.2295615005
259 106 22.1581227681
260 106 24.3645906812
261 106 22.2002633967
262 106 24.561406763
263 106 19.8999257959
264 106 17.7886794756
265 106 19.9244271891
266 106 19.5373214455
267 106 17.0738592308
268 106 22.4267367018
269 106 20.4952124738
270 106 19.3271610976
271 106 17.2955726508
272 106 19.1068587989
273 106 17.2033273526
274 106 15.2038236039
275 106 15.6659860403
276 106 13.2563692181
277 106 14.3398559043
278 106 12.3267785693
279 106 12.1811386882
280 106 14.3213346048
281 106 8.94118147666
282 106 12.9992084753
283 106 11.213342203
284 106 10.4263238228
285 106 10.5662644725
286 106 12.9093878054
287 106 11.2274847362
288 106 9.71468129478
289 106 7.4186740943
290 106 6.18262465913
291 106 9.50490245996
292 106 8.36293075957
293 106 6.86054879026
294 106 6.56034519968
295 106 8.45810072087
296 106 6.91305624729
297 106 7.89235568188
298 106 8.37248022561
299 106 9.27260726747
300 106 9.99128807356
301 106 12.8680777245
302 106 10.6780195599
303 106 10.5741262222
304 106 10.1479487329
305 106 10.0811292396
306 106 8.3866342146
307 106 8.11305503237
308 106 8.94118147666
309 106 6.18262465913
0 107 37.7617819184
1 107 37.7246723523
2 107 36.8434692876
3 107 36.7426949506
4 107 35.5051010093
5 107 34.498722461
6 107 32.4442430378
7 107 31.1734961256
8 107 32.1595112441
9 107 35.2311683135
10 107 34.2996593011
11 107 32.3420094325
12 107 30.9822066204
13 107 32.8437466748
14 107 31.8847465214
15 107 29.9208847627
16 107 26.9226944885
17 107 26.6162294447
18 107 29.9745895788
19 107 27.0490943743
20 107 24.8967322182
21 107 24.6327115632
22 107 22.34059042
23 107 21.699406321
24 107 26.1392322476
25 107 25.5030398798
26 107 24.6308958771
27 107 22.9950099594
28 107 23.0750373582
29 107 21.3226093961
30 107 21.8073961895
31 107 22.2461979764
32 107 20.7052503872
33 107 18.9447252734
34 107 19.4501019606
35 107 17.0024078752
36 107 21.2971478659
37 107 18.8896374558
38 107 16.5873037623
39 107 15.263580123
40 107 13.212692228
41 107 12.9076116905
42 107 14.0770789088
43 107 18.9888722047
44 107 17.1445776395
45 107 17.7427013823
46 107 16.6489192524
47 107 16.2889820302
48 107 14.4748795406
49 107 14.7852952683
50 107 12.911636632
51 107 13.3615222518
52 107 17.441140377
53 107 13.5345696191
54 107 14.5954983948
55 107 13.6015041761
56 107 10.4286783156
57 107 11.7548644353
58 107 15.6738230497
59 107 13.8744562341
60 107 15.2061846959
61 107 14.816420591
62 107 15.5518403405
63 107 9.16423184732
64 107 11.3643598529
65 107 13.8300198835
66 107 12.0900808092
67 107 13.3487429309
68 107 11.8099990044
69 107 8.14199880981
70 107 7.47601255416
71 107 15.4859715362
72 107 13.7779943296
73 107 15.457041842
74 107 15.151452372
75 107 13.6636874791
76 107 16.0867084404
77 107 16.4298847967
78 107 18.2168584729
79 107 15.0797741477
80 107 13.4028848174
81 107 7.99594258931
82 107 9.53393198794
83 107 14.5133976257
84 107 13.2879516907
85 107 14.5290978467
86 107 15.9189851966
87 107 16.1914284259
88 107 16.4881462607
89 107 18.2296074779
90 107 16.8771484235
91 107 17.1619535981
92 107 18.8549375613
93 107 20.0624963253
94 107 11.7080934708
95 107 18.7474367318
96 107 18.982146795
97 107 21.8695681428
98 107 41.9614012409
99 107 40.3895556199
100 107 38.5718324159
101 107 38.1568096458
102 107 37.8113690618
103 107 36.6461000546
104 107 35.6003262017
105 107 36.7426949506
106 107 41.3517889678
107 107 39.8902376604
108 107 38.0477615714
109 107 37.2278280578
110 107 35.0743464324
111 107 40.2125816601
112 107 38.3454824025
113 107 37.7617819184
114 107 37.7246723523
115 107 36.8434692876
116 107 35.5051010093
117 107 35.2311683135
118 107 32.8437466748
119 107 38.5419603312
120 107 36.6688136557
121 107 35.7125784291
122 107 33.6450114186
123 107 34.498722461
124 107 34.2996593011
125 107 31.8847465214
126 107 37.6985839443
127 107 35.8105958399
128 107 36.2959099864
129 107 34.4175824108
130 107 33.792106165
131 107 31.3625240671
132 107 31.2563815043
133 107 28.7568417206
134 107 34.0713696601
135 107 28.3939501752
136 107 32.4442430378
137 107 32.3420094325
138 107 29.9208847627
139 107 29.9745895788
140 107 31.1734961256
141 107 30.9822066204
142 107 26.1392322476
143 107 29.2832948832
144 107 27.1018999821
145 107 26.3067615264
146 107 24.0819832312
147 107 26.0513165408
148 107 25.5030398798
149 107 26.9226944885
150 107 27.0490943743
151 107 24.8967322182
152 107 24.6308958771
153 107 22.2461979764
154 107 24.7642672305
155 107 22.2067228186
156 107 22.9950099594
157 107 23.4845524199
158 107 21.1612439547
159 107 20.8208874424
160 107 18.4904373713
161 107 23.0750373582
162 107 20.7052503872
163 107 21.2971478659
164 107 18.9888722047
165 107 21.3226093961
166 107 18.9447252734
167 107 17.1445776395
168 107 19.0701631006
169 107 18.8294937608
170 107 16.5088115421
171 107 16.036652886
172 107 14.1590475899
173 107 14.2676383334
174 107 16.5540607621
175 107 17.7427013823
176 107 18.8896374558
177 107 16.5873037623
178 107 16.6489192524
179 107 17.441140377
180 107 14.1624199561
181 107 11.8615538124
182 107 12.1007368131
183 107 9.75809350639
184 107 16.2889820302
185 107 14.5954983948
186 107 15.6738230497
187 107 13.8300198835
188 107 15.4859715362
189 107 14.4748795406
190 107 13.8744562341
191 107 12.0900808092
192 107 13.7779943296
193 107 8.64382011622
194 107 8.32406405126
195 107 15.2061846959
196 107 15.457041842
197 107 13.6015041761
198 107 14.816420591
199 107 15.5518403405
200 107 13.3487429309
201 107 15.151452372
202 107 15.0797741477
203 107 13.4028848174
204 107 14.5133976257
205 107 11.8099990044
206 107 13.6636874791
207 107 13.2879516907
208 107 8.39457488948
209 107 8.35206961534
210 107 9.33917154481
211 107 14.5290978467
212 107 16.0867084404
213 107 15.9189851966
214 107 16.1914284259
215 107 16.8771484235
216 107 18.7474367318
217 107 16.4298847967
218 107 16.4881462607
219 107 17.1619535981
220 107 18.982146795
221 107 18.2168584729
222 107 18.2296074779
223 107 18.8549375613
224 107 20.0624963253
225 107 21.8695681428
226 107 41.9614012409
227 107 41.3517889678
228 107 40.3895556199
229 107 39.8902376604
230 107 40.2125816601
231 107 38.5419603312
232 107 37.6985839443
233 107 36.2959099864
234 107 38.5718324159
235 107 38.0477615714
236 107 38.3454824025
237 107 36.6688136557
238 107 35.8105958399
239 107 34.4175824108
240 107 34.0713696601
241 107 38.1568096458
242 107 33.792106165
243 107 37.8113690618
244 107 37.2278280578
245 107 35.7125784291
246 107 36.6461000546
247 107 31.3625240671
248 107 29.2832948832
249 107 32.1595112441
250 107 35.6003262017
251 107 35.0743464324
252 107 33.6450114186
253 107 31.2563815043
254 107 27.1018999821
255 107 28.7568417206
256 107 28.3939501752
257 107 26.0513165408
258 107 24.7642672305
259 107 23.4845524199
260 107 26.6162294447
261 107 24.6327115632
262 107 26.3067615264
263 107 21.1612439547
264 107 19.0701631006
265 107 22.34059042
266 107 21.8073961895
267 107 19.4501019606
268 107 24.0819832312
269 107 22.2067228186
270 107 20.8208874424
271 107 18.8294937608
272 107 21.699406321
273 107 18.4904373713
274 107 16.5088115421
275 107 16.5540607621
276 107 14.1624199561
277 107 17.0024078752
278 107 15.263580123
279 107 14.7852952683
280 107 16.036652886
281 107 11.8847687806
282 107 14.1590475899
283 107 11.8615538124
284 107 13.212692228
285 107 12.911636632
286 107 14.2676383334
287 107 12.1007368131
288 107 12.9076116905
289 107 10.4286783156
290 107 9.52532671693
291 107 9.75809350639
292 107 8.64382011622
293 107 9.16423184732
294 107 8.14199880981
295 107 8.39457488948
296 107 7.47601255416
297 107 7.99594258931
298 107 8.32406405126
299 107 8.35206961534
300 107 9.53393198794
301 107 11.7080934708
302 107 9.33917154481
303 107 14.0770789088
304 107 13.3615222518
305 107 13.5345696191
306 107 11.7548644353
307 107 11.3643598529
308 107 11.8847687806
309 107 9.52532671693
0 108 38.0363075078
1 108 37.8990663998
2 108 37.1590859649
3 108 37.3275468588
4 108 35.85602916
5 108 34.7216598992
6 108 32.4960709422
7 108 31.4075928058
8 108 32.845174656
9 108 35.3788941154
10 108 34.3116123426
11 108 32.1676793254
12 108 30.9828250954
13 108 33.0523075078
14 108 31.9494848467
15 108 29.7880138963
16 108 26.7421991662
17 108 27.1788727219
18 108 29.6198692512
19 108 26.6225740929
20 108 24.7335890764
21 108 25.2710772874
22 108 22.8011983133
23 108 22.377850956
24 108 25.9931414398
25 108 24.9846010473
26 108 24.2080147301
27 108 22.6537995921
28 108 22.3547062821
29 108 20.761103613
30 108 21.995430998
31 108 21.847436323
32 108 19.9763145121
33 108 18.3940906671
34 108 19.7386201775
35 108 17.2288231663
36 108 20.2372540771
37 108 17.5637315197
38 108 15.413572532
39 108 15.3991188122
40 108 13.0142352693
41 108 12.9575742456
42 108 13.9719378856
43 108 17.8317953619
44 108 16.1377324478
45 108 16.2048205535
46 108 15.1746659541
47 108 14.3101575269
48 108 12.5805012837
49 108 14.6083996607
50 108 12.3349035952
51 108 12.8928498407
52 108 15.6728282021
53 108 12.8889089465
54 108 12.32606349
55 108 10.8510779967
56 108 10.0073782551
57 108 11.1948976288
58 108 13.1013053494
59 108 11.3036812863
60 108 12.2093824537
61 108 11.8043848659
62 108 12.4812064405
63 108 7.32316452533
64 108 10.3648048428
65 108 10.9586869894
66 108 9.18099267494
67 108 10.0426101418
68 108 8.34843417136
69 108 5.89289667211
70 108 4.4160225011
71 108 12.4165086602
72 108 10.6529199098
73 108 12.0474067511
74 108 11.7372310168
75 108 10.1216418871
76 108 12.4256773881
77 108 12.8605639632
78 108 14.6949964607
79 108 11.6672438575
80 108 9.88516585586
81 108 4.79162716144
82 108 6.48490983428
83 108 10.8525799125
84 108 9.55325265317
85 108 10.7610155195
86 108 12.1644176578
87 108 12.4858895297
88 108 12.8940162591
89 108 14.6748517646
90 108 13.2404884014
91 108 13.6259550418
92 108 15.3387961482
93 108 16.6154674848
94 108 8.60439178547
95 108 15.1104224111
96 108 15.4221264318
97 108 18.3911418601
98 108 42.9945507122
99 108 41.2187505081
100 108 39.4681866367
101 108 39.2262084505
102 108 38.9380064335
103 108 37.8929356103
104 108 36.6207378848
105 108 37.3275468588
106 108 42.2487911182
107 108 40.5723792025
108 108 38.791769286
109 108 38.2046803397
110 108 35.9321958484
111 108 40.7296306725
112 108 38.916698496
113 108 38.0363075078
114 108 37.8990663998
115 108 37.1590859649
116 108 35.85602916
117 108 35.3788941154
118 108 33.0523075078
119 108 39.013998858
120 108 37.195343873
121 108 36.4800929711
122 108 34.2727620912
123 108 34.7216598992
124 108 34.3116123426
125 108 31.9494848467
126 108 38.0549841335
127 108 36.2171184746
128 108 36.7322974815
129 108 34.9101831236
130 108 34.479836896
131 108 32.0667386999
132 108 31.8568047448
133 108 29.310733008
134 108 34.3711786969
135 108 28.7184316781
136 108 32.4960709422
137 108 32.1676793254
138 108 29.7880138963
139 108 29.6198692512
140 108 31.4075928058
141 108 30.9828250954
142 108 25.9931414398
143 108 29.9420669648
144 108 27.8454305976
145 108 26.8567298285
146 108 24.4564091256
147 108 26.4556537705
148 108 24.9846010473
149 108 26.7421991662
150 108 26.6225740929
151 108 24.7335890764
152 108 24.2080147301
153 108 21.847436323
154 108 25.0348409451
155 108 22.3220871641
156 108 22.6537995921
157 108 23.8762589095
158 108 21.6187578458
159 108 21.0647477643
160 108 18.7049678804
161 108 22.3547062821
162 108 19.9763145121
163 108 20.2372540771
164 108 17.8317953619
165 108 20.761103613
166 108 18.3940906671
167 108 16.1377324478
168 108 19.3698003246
169 108 18.8867593466
170 108 16.5065443568
171 108 15.9930576507
172 108 14.2158462101
173 108 13.8855414933
174 108 16.3582079247
175 108 16.2048205535
176 108 17.5637315197
177 108 15.413572532
178 108 15.1746659541
179 108 15.6728282021
180 108 13.866275463
181 108 11.5793964348
182 108 11.2891495915
183 108 8.82354558572
184 108 14.3101575269
185 108 12.32606349
186 108 13.1013053494
187 108 10.9586869894
188 108 12.4165086602
189 108 12.5805012837
190 108 11.3036812863
191 108 9.18099267494
192 108 10.6529199098
193 108 6.91613292287
194 108 5.43940411572
195 108 12.2093824537
196 108 12.0474067511
197 108 10.8510779967
198 108 11.8043848659
199 108 12.4812064405
200 108 10.0426101418
201 108 11.7372310168
202 108 11.6672438575
203 108 9.88516585586
204 108 10.8525799125
205 108 8.34843417136
206 108 10.1216418871
207 108 9.55325265317
208 108 5.26205872592
209 108 4.70678720257
210 108 5.63475886793
211 108 10.7610155195
212 108 12.4256773881
213 108 12.1644176578
214 108 12.4858895297
215 108 13.2404884014
216 108 15.1104224111
217 108 12.8605639632
218 108 12.8940162591
219 108 13.6259550418
220 108 15.4221264318
221 108 14.6949964607
222 108 14.6748517646
223 108 15.3387961482
224 108 16.6154674848
225 108 18.3911418601
226 108 42.9945507122
227 108 42.2487911182
228 108 41.2187505081
229 108 40.5723792025
230 108 40.7296306725
231 108 39.013998858
232 108 38.0549841335
233 108 36.7322974815
234 108 39.4681866367
235 108 38.791769286
236 108 38.916698496
237 108 37.195343873
238 108 36.2171184746
239 108 34.9101831236
240 108 34.3711786969
241 108 39.2262084505
242 108 34.479836896
243 108 38.9380064335
244 108 38.2046803397
245 108 36.4800929711
246 108 37.8929356103
247 108 32.0667386999
248 108 29.9420669648
249 108 32.845174656
250 108 36.6207378848
251 108 35.9321958484
252 108 34.2727620912
253 108 31.8568047448
254 108 27.8454305976
255 108 29.310733008
256 108 28.7184316781
257 108 26.4556537705
258 108 25.0348409451
259 108 23.8762589095
260 108 27.1788727219
261 108 25.2710772874
262 108 26.8567298285
263 108 21.6187578458
264 108 19.3698003246
265 108 22.8011983133
266 108 21.995430998
267 108 19.7386201775
268 108 24.4564091256
269 108 22.3220871641
270 108 21.0647477643
271 108 18.8867593466
272 108 22.377850956
273 108 18.7049678804
274 108 16.5065443568
275 108 16.3582079247
276 108 13.866275463
277 108 17.2288231663
278 108 15.3991188122
279 108 14.6083996607
280 108 15.9930576507
281 108 12.6908163729
282 108 14.2158462101
283 108 11.5793964348
284 108 13.0142352693
285 108 12.3349035952
286 108 13.8855414933
287 108 11.2891495915
288 108 12.9575742456
289 108 10.0073782551
290 108 10.376764865
291 108 8.82354558572
292 108 6.91613292287
293 108 7.32316452533
294 108 5.89289667211
295 108 5.26205872592
296 108 4.4160225011
297 108 4.79162716144
298 108 5.43940411572
299 108 4.70678720257
300 108 6.48490983428
301 108 8.60439178547
302 108 5.63475886793
303 108 13.9719378856
304 108 12.8928498407
305 108 12.8889089465
306 108 11.1948976288
307 108 10.3648048428
308 108 12.6908163729
309 108 10.376764865
0 109 39.4655622771
1 109 39.1698857505
2 109 38.3301862882
3 109 38.6624889079
4 109 37.1763867078
5 109 36.156961341
6 109 33.8778469649
7 109 32.7585020858
8 109 34.2597253229
9 109 36.7163772152
10 109 35.7633364531
11 109 33.562937698
12 109 32.3514347347
13 109 34.3534415027
14 109 33.3732944012
15 109 31.1498743198
16 109 27.9729171462
17 109 28.3901127239
18 109 30.8859053296
19 109 27.7437186417
20 109 25.7623773676
21 109 26.2782325684
22 109 23.8351967898
23 109 23.2014152576
24 109 27.2703513537
25 109 26.3744679038
26 109 25.366078385
27 109 23.9847221549
28 109 23.5238376743
29 109 21.9680055711
30 109 23.1836417049
31 109 22.9063599248
32 109 21.039773837
33 109 19.4908520251
34 109 20.8152895747
35 109 17.9678512504
36 109 21.2192903728
37 109 18.3887272017
38 109 15.9921211752
39 109 15.771689163
40 109 13.4990865579
41 109 12.9321126147
42 109 13.2718894985
43 109 18.9100015179
44 109 17.2619071861
45 109 17.4489811429
46 109 16.0883346016
47 109 15.2314551626
48 109 13.3822280627
49 109 15.3431731223
50 109 13.2438350529
51 109 12.5518078994
52 109 16.2749949645
53 109 11.7269462589
54 109 13.01224639
55 109 11.0947016579
56 109 10.0026408949
57 109 10.3352858925
58 109 13.9513658682
59 109 12.0153242071
60 109 13.2275707848
61 109 12.2596780557
62 109 12.3507050083
63 109 6.36582508508
64 109 8.79475215109
65 109 11.7799673338
66 109 9.82668986975
67 109 10.367672089
68 109 8.82708617069
69 109 5.87224250382
70 109 4.44371030843
71 109 13.1183567549
72 109 11.180549928
73 109 12.8827329128
74 109 11.985156854
75 109 10.4840602073
76 109 12.6641757558
77 109 12.0907142717
78 109 13.704546061
79 109 11.3028523748
80 109 9.71181702664
81 109 3.62950097193
82 109 4.83404896753
83 109 11.0321793022
84 109 9.83776482338
85 109 11.4519493693
86 109 12.3290730592
87 109 12.2472040957
88 109 12.0455808478
89 109 13.6114669525
90 109 12.9047278937
91 109 12.7134539587
92 109 14.2240754936
93 109 15.4240984447
94 109 7.73317744433
95 109 14.8091435304
96 109 14.6140905361
97 109 17.3155291508
98 109 45.0156464936
99 109 43.2152324675
100 109 41.4618617561
101 109 41.1868541906
102 109 40.7392018478
103 109 39.7579438025
104 109 38.4372429866
105 109 38.6624889079
106 109 44.2240702795
107 109 42.5161131898
108 109 40.7318130099
109 109 39.9505046888
110 109 37.6881533975
111 109 42.7391288678
112 109 40.9269720797
113 109 39.4655622771
114 109 39.1698857505
115 109 38.3301862882
116 109 37.1763867078
117 109 36.7163772152
118 109 34.3534415027
119 109 40.9704849981
120 109 39.150471773
121 109 38.2391032281
122 109 36.0400199343
123 109 36.156961341
124 109 35.7633364531
125 109 33.3732944012
126 109 40.1244767844
127 109 38.2916282045
128 109 38.9015243275
129 109 37.0886114944
130 109 36.6335457478
131 109 34.2365395388
132 109 33.8628883395
133 109 31.4182249118
134 109 36.6139363838
135 109 30.9045676371
136 109 33.8778469649
137 109 33.562937698
138 109 31.1498743198
139 109 30.8859053296
140 109 32.7585020858
141 109 32.3514347347
142 109 27.2703513537
143 109 31.9854274905
144 109 29.8083780038
145 109 28.5815939228
146 109 26.268675704
147 109 28.6317864629
148 109 26.3744679038
149 109 27.9729171462
150 109 27.7437186417
151 109 25.7623773676
152 109 25.366078385
153 109 22.9063599248
154 109 26.95896199
155 109 24.0745559813
156 109 23.9847221549
157 109 25.9765358616
158 109 23.7625792436
159 109 23.0150944846
160 109 20.821995339
161 109 23.5238376743
162 109 21.039773837
163 109 21.2192903728
164 109 18.9100015179
165 109 21.9680055711
166 109 19.4908520251
167 109 17.2619071861
168 109 21.493632331
169 109 20.7888970133
170 109 18.5914834735
171 109 17.708603297
172 109 16.4016531109
173 109 15.8703087451
174 109 18.7690734913
175 109 17.4489811429
176 109 18.3887272017
177 109 15.9921211752
178 109 16.0883346016
179 109 16.2749949645
180 109 16.2339994308
181 109 14.1102180796
182 109 13.5865826005
183 109 11.5355485298
184 109 15.2314551626
185 109 13.01224639
186 109 13.9513658682
187 109 11.7799673338
188 109 13.1183567549
189 109 13.3822280627
190 109 12.0153242071
191 109 9.82668986975
192 109 11.180549928
193 109 9.39270519379
194 109 7.57966575183
195 109 13.2275707848
196 109 12.8827329128
197 109 11.0947016579
198 109 12.2596780557
199 109 12.3507050083
200 109 10.367672089
201 109 11.985156854
202 109 11.3028523748
203 109 9.71181702664
204 109 11.0321793022
205 109 8.82708617069
206 109 10.4840602073
207 109 9.83776482338
208 109 7.14234288752
209 109 6.7798194222
210 109 6.83103217222
211 109 11.4519493693
212 109 12.6641757558
213 109 12.3290730592
214 109 12.2472040957
215 109 12.9047278937
216 109 14.8091435304
217 109 12.0907142717
218 109 12.0455808478
219 109 12.7134539587
220 109 14.6140905361
221 109 13.704546061
222 109 13.6114669525
223 109 14.2240754936
224 109 15.4240984447
225 109 17.3155291508
226 109 45.0156464936
227 109 44.2240702795
228 109 43.2152324675
229 109 42.5161131898
230 109 42.7391288678
231 109 40.9704849981
232 109 40.1244767844
233 109 38.9015243275
234 109 41.4618617561
235 109 40.7318130099
236 109 40.9269720797
237 109 39.150471773
238 109 38.2916282045
239 109 37.0886114944
240 109 36.6139363838
241 109 41.1868541906
242 109 36.6335457478
243 109 40.7392018478
244 109 39.9505046888
245 109 38.2391032281
246 109 39.7579438025
247 109 34.2365395388
248 109 31.9854274905
249 109 34.2597253229
250 109 38.4372429866
251 109 37.6881533975
252 109 36.0400199343
253 109 33.8628883395
254 109 29.8083780038
255 109 31.4182249118
256 109 30.9045676371
257 109 28.6317864629
258 109 26.95896199
259 109 25.9765358616
260 109 28.3901127239
261 109 26.2782325684
262 109 28.5815939228
263 109 23.7625792436
264 109 21.493632331
265 109 23.8351967898
266 109 23.1836417049
267 109 20.8152895747
268 109 26.268675704
269 109 24.0745559813
270 109 23.0150944846
271 109 20.7888970133
272 109 23.2014152576
273 109 20.821995339
274 109 18.5914834735
275 109 18.7690734913
276 109 16.2339994308
277 109 17.9678512504
278 109 15.771689163
279 109 15.3431731223
280 109 17.708603297
281 109 13.139590226
282 109 16.4016531109
283 109 14.1102180796
284 109 13.4990865579
285 109 13.2438350529
286 109 15.8703087451
287 109 13.5865826005
288 109 12.9321126147
289 109 10.0026408949
290 109 10.3439232232
291 109 11.5355485298
292 109 9.39270519379
293 109 6.36582508508
294 109 5.87224250382
295 109 7.14234288752
296 109 4.44371030843
297 109 3.62950097193
298 109 7.57966575183
299 109 6.7798194222
300 109 4.83404896753
301 109 7.73317744433
302 109 6.83103217222
303 109 13.2718894985
304 109 12.5518078994
305 109 11.7269462589
306 109 10.3352858925
307 109 8.79475215109
308 109 13.139590226
309 109 10.3439232232
