9 48 A B 46.88 38.19 81.15 38.62 33.6 83.1 9.64874213508904 F T -2.4535 -5.6840630729166675 3.1452541495590913
10 47 A B 45.98 32.21 81.08 40.71 28.97 80.2 6.248592796418159 P S 1.4284999999999988 -5.6840630729166675 3.1452541495590913
10 48 A B 45.98 32.21 81.08 38.62 33.6 83.1 7.75771188725116 P T 3.8364999999999987 -5.6840630729166675 3.1452541495590913
10 49 A B 45.98 32.21 81.08 39.37 32.46 77.2 7.668705624777683 P V -0.5790000000000015 -5.6840630729166675 3.1452541495590913
11 47 A B 42.26 35.58 78.14 40.71 28.97 80.2 7.09494333030951 P S -2.3180000000000005 -5.6840630729166675 3.1452541495590913
11 48 A B 42.26 35.58 78.14 38.62 33.6 83.1 6.463095215767665 P T 0.08999999999999941 -5.6840630729166675 3.1452541495590913
11 49 A B 42.26 35.58 78.14 39.37 32.46 77.2 4.355469917322065 P V -4.325500000000001 -5.6840630729166675 3.1452541495590913
11 50 A B 42.26 35.58 78.14 35.58 36.62 76.33 6.99857401508733 P S -1.653000000000001 -5.6840630729166675 3.1452541495590913
11 53 A B 42.26 35.58 78.14 36.0 37.64 72.51 8.667643162965616 P V -2.2980000000000005 -5.6840630729166675 3.1452541495590913
12 49 A B 47.33 37.39 76.48 39.37 32.46 77.2 9.390683677738927 T V -9.003 -5.6840630729166675 3.1452541495590913
13 49 A B 48.4 32.44 74.56 39.37 32.46 77.2 9.408025491206738 S V -6.316000000000001 -5.6840630729166675 3.1452541495590913
14 47 A B 42.83 32.01 74.0 40.71 28.97 80.2 7.223293415987983 I S -7.806999999999999 -5.6840630729166675 3.1452541495590913
14 49 A B 42.83 32.01 74.0 39.37 32.46 77.2 4.734353305116726 I V -9.814499999999999 -5.6840630729166675 3.1452541495590913
14 50 A B 42.83 32.01 74.0 35.58 36.62 76.33 8.901882618871133 I S -7.1419999999999995 -5.6840630729166675 3.1452541495590913
14 53 A B 42.83 32.01 74.0 36.0 37.64 72.51 8.975852643243806 I V -7.786999999999999 -5.6840630729166675 3.1452541495590913
14 54 A B 42.83 32.01 74.0 34.88 32.19 70.67 8.621126633765963 I L -11.639 -5.6840630729166675 3.1452541495590913
14 87 A C 42.83 32.01 74.0 36.32 26.65 74.74 8.465064131375605 I L -12.068999999999999 -5.6840630729166675 3.1452541495590913
15 49 A B 42.99 37.26 72.72 39.37 32.46 77.2 7.497651250879273 L V -10.557500000000001 -5.6840630729166675 3.1452541495590913
15 50 A B 42.99 37.26 72.72 35.58 36.62 76.33 8.267393867727394 L S -7.885000000000002 -5.6840630729166675 3.1452541495590913
15 53 A B 42.99 37.26 72.72 36.0 37.64 72.51 7.003472273966444 L V -8.530000000000001 -5.6840630729166675 3.1452541495590913
15 54 A B 42.99 37.26 72.72 34.88 32.19 70.67 9.781590837774637 L L -12.382000000000001 -5.6840630729166675 3.1452541495590913
18 49 A B 41.0 34.08 68.69 39.37 32.46 77.2 8.814835159398498 L V -12.6225 -5.6840630729166675 3.1452541495590913
18 50 A B 41.0 34.08 68.69 35.58 36.62 76.33 9.705542545237964 L S -9.950000000000001 -5.6840630729166675 3.1452541495590913
18 53 A B 41.0 34.08 68.69 36.0 37.64 72.51 7.22952144236744 L V -10.595 -5.6840630729166675 3.1452541495590913
18 54 A B 41.0 34.08 68.69 34.88 32.19 70.67 6.704243590426935 L L -14.447000000000003 -5.6840630729166675 3.1452541495590913
18 57 A B 41.0 34.08 68.69 35.25 35.14 65.79 6.526569058419952 L I -11.882 -5.6840630729166675 3.1452541495590913
18 91 A C 41.0 34.08 68.69 36.91 25.41 68.23 9.597324356415745 L V -10.9045 -5.6840630729166675 3.1452541495590913
19 53 A B 43.23 38.47 66.28 36.0 37.64 72.51 9.579913269320109 A V -6.5435 -5.6840630729166675 3.1452541495590913
19 57 A B 43.23 38.47 66.28 35.25 35.14 65.79 8.660796891477036 A I -7.830499999999999 -5.6840630729166675 3.1452541495590913
21 57 A B 42.05 31.34 63.58 35.25 35.14 65.79 8.097164922307977 I I -9.187999999999999 -5.6840630729166675 3.1452541495590913
21 91 A C 42.05 31.34 63.58 36.91 25.41 68.23 9.121787737918885 I V -8.2105 -5.6840630729166675 3.1452541495590913
21 94 A C 42.05 31.34 63.58 34.19 28.23 63.78 8.455277178804975 I D -8.523 -5.6840630729166675 3.1452541495590913
21 95 A C 42.05 31.34 63.58 35.91 23.83 61.52 9.916819127152078 I L -7.0889999999999995 -5.6840630729166675 3.1452541495590913
22 54 A B 39.71 36.24 63.04 34.88 32.19 70.67 9.896881511083679 F L -13.034000000000002 -5.6840630729166675 3.1452541495590913
22 56 A B 39.71 36.24 63.04 31.65 37.76 67.9 9.533812832153892 F G -7.539 -5.6840630729166675 3.1452541495590913
22 57 A B 39.71 36.24 63.04 35.25 35.14 65.79 5.353886146426963 F I -10.469 -5.6840630729166675 3.1452541495590913
22 58 A B 39.71 36.24 63.04 30.73 32.49 64.58 9.852638966205436 F V -12.0 -5.6840630729166675 3.1452541495590913
22 60 A B 39.71 36.24 63.04 31.78 38.06 61.39 8.301793692576569 F G -7.5785 -5.6840630729166675 3.1452541495590913
22 61 A B 39.71 36.24 63.04 30.75 33.46 59.99 9.864709492044604 F D -10.769 -5.6840630729166675 3.1452541495590913
22 94 A C 39.71 36.24 63.04 34.19 28.23 63.78 9.75592825488745 F D -9.804 -5.6840630729166675 3.1452541495590913
25 57 A B 38.46 33.04 58.51 35.25 35.14 65.79 8.228762086862618 K I -12.427499999999998 -5.6840630729166675 3.1452541495590913
25 58 A B 38.46 33.04 58.51 30.73 32.49 64.58 9.843796761887365 K V -13.9585 -5.6840630729166675 3.1452541495590913
25 60 A B 38.46 33.04 58.51 31.78 38.06 61.39 8.83839291632057 K G -9.536999999999999 -5.6840630729166675 3.1452541495590913
25 61 A B 38.46 33.04 58.51 30.75 33.46 59.99 7.861990478308996 K D -12.7275 -5.6840630729166675 3.1452541495590913
25 64 A B 38.46 33.04 58.51 31.29 36.58 55.71 8.472335920639196 K L -15.224 -5.6840630729166675 3.1452541495590913
25 94 A C 38.46 33.04 58.51 34.19 28.23 63.78 8.315162171911787 K D -11.7625 -5.6840630729166675 3.1452541495590913
25 97 A C 38.46 33.04 58.51 30.06 27.83 59.95 9.988879364440413 K L -13.990499999999997 -5.6840630729166675 3.1452541495590913
25 98 A C 38.46 33.04 58.51 34.77 26.99 57.21 7.204762433892222 K T -11.723500000000001 -5.6840630729166675 3.1452541495590913
25 101 A C 38.46 33.04 58.51 30.64 29.18 53.99 9.822543947078929 K I -15.133 -5.6840630729166675 3.1452541495590913
26 60 A B 40.0 38.2 56.92 31.78 38.06 61.39 9.357825572948968 I G -6.6985 -5.6840630729166675 3.1452541495590913
26 64 A B 40.0 38.2 56.92 31.29 36.58 55.71 8.941620567617871 I L -12.3855 -5.6840630729166675 3.1452541495590913
28 64 A B 39.73 31.89 53.17 31.29 36.58 55.71 9.984052502372265 A L -10.4255 -5.6840630729166675 3.1452541495590913
28 98 A C 39.73 31.89 53.17 34.77 26.99 57.21 8.058113586753924 A T -6.925000000000001 -5.6840630729166675 3.1452541495590913
28 101 A C 39.73 31.89 53.17 30.64 29.18 53.99 9.520745956463603 A I -10.3345 -5.6840630729166675 3.1452541495590913
28 102 A C 39.73 31.89 53.17 33.36 25.32 51.31 9.33816740383506 A A -7.0120000000000005 -5.6840630729166675 3.1452541495590913
28 112 A X 39.73 31.89 53.17 36.13 27.34 48.39 6.148665428161621 A X -16.3555 -14.567183541666667 2.919179269817681
29 60 A B 36.28 35.85 54.01 31.78 38.06 61.39 8.921799785558258 A G -6.261500000000001 -5.6840630729166675 3.1452541495590913
29 61 A B 36.28 35.85 54.01 30.75 33.46 59.99 8.488428814008037 A D -9.452000000000002 -5.6840630729166675 3.1452541495590913
29 63 A B 36.28 35.85 54.01 29.05 40.38 58.94 9.853868270449146 A V -8.9805 -5.6840630729166675 3.1452541495590913
29 64 A B 36.28 35.85 54.01 31.29 36.58 55.71 5.321934439238567 A L -11.9485 -5.6840630729166675 3.1452541495590913
29 67 A B 36.28 35.85 54.01 29.15 40.61 52.6 8.688072740208455 A L -9.557500000000001 -5.6840630729166675 3.1452541495590913
29 68 A B 36.28 35.85 54.01 28.0 35.65 50.17 9.129292400637574 A I -11.773 -5.6840630729166675 3.1452541495590913
29 98 A C 36.28 35.85 54.01 34.77 26.99 57.21 9.540423304605502 A T -8.448 -5.6840630729166675 3.1452541495590913
29 101 A C 36.28 35.85 54.01 30.64 29.18 53.99 8.734922355390601 A I -11.857500000000002 -5.6840630729166675 3.1452541495590913
29 112 A X 36.28 35.85 54.01 36.13 27.34 48.39 9.83236312866211 A X -17.8785 -14.567183541666667 2.919179269817681
30 64 A B 39.15 39.11 50.76 31.29 36.58 55.71 9.627201616828838 S L -10.0665 -5.6840630729166675 3.1452541495590913
31 112 A X 39.96 34.67 47.94 36.13 27.34 48.39 6.815237522125244 A X -15.844 -14.567183541666667 2.919179269817681
32 64 A B 34.93 33.36 49.09 31.29 36.58 55.71 8.212331537153505 L L -14.840499999999999 -5.6840630729166675 3.1452541495590913
32 67 A B 34.93 33.36 49.09 29.15 40.61 52.6 9.914181567572204 L L -12.4495 -5.6840630729166675 3.1452541495590913
32 68 A B 34.93 33.36 49.09 28.0 35.65 50.17 7.3780352491831085 L I -14.665 -5.6840630729166675 3.1452541495590913
32 71 A B 34.93 33.36 49.09 27.72 39.68 46.41 9.955345904607457 L A -11.9185 -5.6840630729166675 3.1452541495590913
32 101 A C 34.93 33.36 49.09 30.64 29.18 53.99 7.738638469402139 L I -14.749500000000001 -5.6840630729166675 3.1452541495590913
32 102 A C 34.93 33.36 49.09 33.36 25.32 51.31 8.48733875742874 L A -11.427 -5.6840630729166675 3.1452541495590913
32 105 A C 34.93 33.36 49.09 30.36 29.32 47.53 6.29603914320941 L V -15.867999999999999 -5.6840630729166675 3.1452541495590913
32 112 A X 34.93 33.36 49.09 36.13 27.34 48.39 6.888969898223877 L X -20.7705 -14.567183541666667 2.919179269817681
33 64 A B 33.64 38.48 48.71 31.29 36.58 55.71 7.624466153827882 W L -13.631499999999999 -5.6840630729166675 3.1452541495590913
33 67 A B 33.64 38.48 48.71 29.15 40.61 52.6 6.31102984831148 W L -11.2405 -5.6840630729166675 3.1452541495590913
33 68 A B 33.64 38.48 48.71 28.0 35.65 50.17 6.476888081052712 W I -13.456 -5.6840630729166675 3.1452541495590913
33 70 A B 33.64 38.48 48.71 24.55 42.05 50.03 9.854714597056017 W L -11.8035 -5.6840630729166675 3.1452541495590913
33 71 A B 33.64 38.48 48.71 27.72 39.68 46.41 6.463466502184001 W A -10.7095 -5.6840630729166675 3.1452541495590913
33 105 A C 33.64 38.48 48.71 30.36 29.32 47.53 9.800836184581078 W V -14.658999999999999 -5.6840630729166675 3.1452541495590913
34 71 A B 37.37 39.0 44.81 27.72 39.68 46.41 9.805349976918897 A A -7.7075 -5.6840630729166675 3.1452541495590913
35 105 A C 35.51 33.95 43.25 30.36 29.32 47.53 8.141116377175006 A V -9.974 -5.6840630729166675 3.1452541495590913
35 109 A C 35.51 33.95 43.25 28.83 28.27 40.91 9.07526213262634 A G -2.912 -5.6840630729166675 3.1452541495590913
35 112 A X 35.51 33.95 43.25 36.13 27.34 48.39 8.516437530517578 A X -14.8765 -14.567183541666667 2.919179269817681
36 67 A B 30.67 35.09 44.93 29.15 40.61 52.6 9.571294497451083 A L -7.693999999999999 -5.6840630729166675 3.1452541495590913
36 68 A B 30.67 35.09 44.93 28.0 35.65 50.17 5.907628928580971 A I -9.9095 -5.6840630729166675 3.1452541495590913
36 71 A B 30.67 35.09 44.93 27.72 39.68 46.41 5.6534064551489625 A A -7.163 -5.6840630729166675 3.1452541495590913
36 72 A B 30.67 35.09 44.93 24.09 36.15 45.12 6.667540879927309 A V -5.8025 -5.6840630729166675 3.1452541495590913
36 105 A C 30.67 35.09 44.93 30.36 29.32 47.53 6.336323619963674 A V -11.112499999999999 -5.6840630729166675 3.1452541495590913
36 108 A C 30.67 35.09 44.93 26.31 29.43 44.66 7.149692569765758 A L -7.824 -5.6840630729166675 3.1452541495590913
36 109 A C 30.67 35.09 44.93 28.83 28.27 40.91 8.127631886308953 A G -4.0504999999999995 -5.6840630729166675 3.1452541495590913
37 67 A B 31.55 40.27 43.63 29.15 40.61 52.6 9.291741049795624 W L -11.074499999999999 -5.6840630729166675 3.1452541495590913
37 68 A B 31.55 40.27 43.63 28.0 35.65 50.17 8.758906712176621 W I -13.29 -5.6840630729166675 3.1452541495590913
37 70 A B 31.55 40.27 43.63 24.55 42.05 50.03 9.650303951556584 W L -11.6375 -5.6840630729166675 3.1452541495590913
37 71 A B 31.55 40.27 43.63 27.72 39.68 46.41 4.769213017735131 W A -10.543499999999998 -5.6840630729166675 3.1452541495590913
37 72 A B 31.55 40.27 43.63 24.09 36.15 45.12 8.651362388265923 W V -9.183 -5.6840630729166675 3.1452541495590913
37 74 A B 31.55 40.27 43.63 24.02 43.32 42.61 8.188026495812068 W F -8.584999999999999 -5.6840630729166675 3.1452541495590913
37 76 A B 31.55 40.27 43.63 26.27 41.57 36.66 8.840209394711053 W G -8.125499999999999 -5.6840630729166675 3.1452541495590913
37 77 A B 31.55 40.27 43.63 29.44 44.94 35.42 9.678074448411994 W R -7.139999999999999 -5.6840630729166675 3.1452541495590913
38 71 A B 34.2 38.04 39.42 27.72 39.68 46.41 9.671615183082869 H A -6.282 -5.6840630729166675 3.1452541495590913
38 76 A B 34.2 38.04 39.42 26.27 41.57 36.66 9.1084239557012 H G -3.864 -5.6840630729166675 3.1452541495590913
38 77 A B 34.2 38.04 39.42 29.44 44.94 35.42 9.288033731273106 H R -2.8785 -5.6840630729166675 3.1452541495590913
39 71 A B 30.45 35.31 38.85 27.72 39.68 46.41 9.148957281765613 G A -5.4455 -5.6840630729166675 3.1452541495590913
39 72 A B 30.45 35.31 38.85 24.09 36.15 45.12 8.970402095802427 G V -4.085000000000001 -5.6840630729166675 3.1452541495590913
39 76 A B 30.45 35.31 38.85 26.27 41.57 36.66 7.839392548013869 G G -3.0275 -5.6840630729166675 3.1452541495590913
39 108 A C 30.45 35.31 38.85 26.31 29.43 44.66 9.2450061794364 G L -6.1065 -5.6840630729166675 3.1452541495590913
39 109 A C 30.45 35.31 38.85 28.83 28.27 40.91 7.511965206768707 G G -2.333 -5.6840630729166675 3.1452541495590913
39 111 A C 30.45 35.31 38.85 23.27 29.71 39.3 9.116739038918535 G L -5.514000000000001 -5.6840630729166675 3.1452541495590913
40 71 A B 27.38 39.09 39.19 27.72 39.68 46.41 7.252042326873729 Q A -7.602 -5.6840630729166675 3.1452541495590913
40 72 A B 27.38 39.09 39.19 24.09 36.15 45.12 7.391386136459959 Q V -6.2415 -5.6840630729166675 3.1452541495590913
40 73 A B 27.38 39.09 39.19 20.57 40.55 45.97 9.719882984242341 Q Y -6.317 -5.6840630729166675 3.1452541495590913
40 74 A B 27.38 39.09 39.19 24.02 43.32 42.61 6.3936609997418605 Q F -5.6434999999999995 -5.6840630729166675 3.1452541495590913
40 75 A B 27.38 39.09 39.19 21.91 42.12 37.59 6.454593729107123 Q L -5.194000000000001 -5.6840630729166675 3.1452541495590913
40 76 A B 27.38 39.09 39.19 26.27 41.57 36.66 3.7125986415722694 Q G -5.184 -5.6840630729166675 3.1452541495590913
40 77 A B 27.38 39.09 39.19 29.44 44.94 35.42 7.258029433442544 Q R -4.1985 -5.6840630729166675 3.1452541495590913
41 75 A B 24.71 36.32 34.81 21.91 42.12 37.59 7.0148685012860135 K L -5.188000000000001 -5.6840630729166675 3.1452541495590913
41 76 A B 24.71 36.32 34.81 26.27 41.57 36.66 5.780882167880628 K G -5.178 -5.6840630729166675 3.1452541495590913
41 77 A B 24.71 36.32 34.81 29.44 44.94 35.42 9.851364950578109 K R -4.1925 -5.6840630729166675 3.1452541495590913
41 78 A B 24.71 36.32 34.81 25.1 45.53 31.48 9.801280341999924 K L -5.823499999999999 -5.6840630729166675 3.1452541495590913
41 111 A C 24.71 36.32 34.81 23.27 29.71 39.3 8.119469498090792 K L -7.6645 -5.6840630729166675 3.1452541495590913
42 75 A B 24.65 41.24 31.95 21.91 42.12 37.59 6.331791770659037 P L -4.868 -5.6840630729166675 3.1452541495590913
42 76 A B 24.65 41.24 31.95 26.27 41.57 36.66 4.991732443315648 P G -4.8580000000000005 -5.6840630729166675 3.1452541495590913
42 77 A B 24.65 41.24 31.95 29.44 44.94 35.42 6.976744812979882 P R -3.8725 -5.6840630729166675 3.1452541495590913
42 78 A B 24.65 41.24 31.95 25.1 45.53 31.48 4.33906406489222 P L -5.5035 -5.6840630729166675 3.1452541495590913
43 75 A B 20.42 41.76 33.41 21.91 42.12 37.59 4.452201961799948 G L -3.375 -5.6840630729166675 3.1452541495590913
43 76 A B 20.42 41.76 33.41 26.27 41.57 36.66 6.694856528809803 G G -3.365 -5.6840630729166675 3.1452541495590913
43 77 A B 20.42 41.76 33.41 29.44 44.94 35.42 9.773070318561164 G R -2.3795 -5.6840630729166675 3.1452541495590913
43 78 A B 20.42 41.76 33.41 25.1 45.53 31.48 6.3119099713131455 G L -4.0104999999999995 -5.6840630729166675 3.1452541495590913
44 75 A B 17.92 39.83 29.63 21.91 42.12 37.59 9.193791420579927 T L -1.9210000000000003 -5.6840630729166675 3.1452541495590913
44 78 A B 17.92 39.83 29.63 25.1 45.53 31.48 9.352265554598667 T L -2.5564999999999998 -5.6840630729166675 3.1452541495590913
45 75 A B 14.57 42.76 32.25 21.91 42.12 37.59 9.099494661154504 H L -1.8355000000000004 -5.6840630729166675 3.1452541495590913
46 79 B C 37.35 26.17 83.66 34.7 25.44 86.67 4.07620585006642 C C -4.6905 -5.6840630729166675 3.1452541495590913
46 80 B C 37.35 26.17 83.66 32.01 30.2 88.15 8.05708309381608 C S -3.9865 -5.6840630729166675 3.1452541495590913
46 81 B C 37.35 26.17 83.66 34.94 30.45 83.8 4.91386863594402 C T -8.011499999999998 -5.6840630729166675 3.1452541495590913
46 82 B C 37.35 26.17 83.66 32.82 29.35 79.17 7.126951677259549 C V -10.877500000000001 -5.6840630729166675 3.1452541495590913
46 83 B C 37.35 26.17 83.66 31.98 23.96 79.31 7.255587227297167 C S -6.449999999999999 -5.6840630729166675 3.1452541495590913
46 84 B C 37.35 26.17 83.66 37.54 23.54 78.99 5.363016937312535 C P -5.384499999999999 -5.6840630729166675 3.1452541495590913
46 85 B C 37.35 26.17 83.66 34.3 21.47 76.26 9.281838454784241 C G -5.49 -5.6840630729166675 3.1452541495590913
46 87 B C 37.35 26.17 83.66 36.32 26.65 74.74 8.992096556883526 C L -11.075 -5.6840630729166675 3.1452541495590913
47 79 B C 40.71 28.97 80.2 34.7 25.44 86.67 9.510093953403892 S C -4.8774999999999995 -5.6840630729166675 3.1452541495590913
47 81 B C 40.71 28.97 80.2 34.94 30.45 83.8 6.960125970032175 S T -8.1985 -5.6840630729166675 3.1452541495590913
47 82 B C 40.71 28.97 80.2 32.82 29.35 79.17 7.966014603663145 S V -11.0645 -5.6840630729166675 3.1452541495590913
47 84 B C 40.71 28.97 80.2 37.54 23.54 78.99 6.402957814631196 S P -5.5715 -5.6840630729166675 3.1452541495590913
47 87 B C 40.71 28.97 80.2 36.32 26.65 74.74 7.380114038925169 S L -11.262 -5.6840630729166675 3.1452541495590913
48 79 B C 38.62 33.6 83.1 34.7 25.44 86.67 9.731230644035717 T C -2.4695 -5.6840630729166675 3.1452541495590913
48 80 B C 38.62 33.6 83.1 32.01 30.2 88.15 8.986357622955568 T S -1.7655000000000003 -5.6840630729166675 3.1452541495590913
48 81 B C 38.62 33.6 83.1 34.94 30.45 83.8 4.894373732691015 T T -5.7905 -5.6840630729166675 3.1452541495590913
48 82 B C 38.62 33.6 83.1 32.82 29.35 79.17 8.194350330326676 T V -8.656500000000001 -5.6840630729166675 3.1452541495590913
49 81 B C 39.37 32.46 77.2 34.94 30.45 83.8 8.199089981386185 V T -10.206 -5.6840630729166675 3.1452541495590913
49 82 B C 39.37 32.46 77.2 32.82 29.35 79.17 7.513686628263482 V V -13.072000000000001 -5.6840630729166675 3.1452541495590913
49 84 B C 39.37 32.46 77.2 37.54 23.54 78.99 9.280051904566513 V P -7.579000000000001 -5.6840630729166675 3.1452541495590913
49 87 B C 39.37 32.46 77.2 36.32 26.65 74.74 7.007865911668616 V L -13.2695 -5.6840630729166675 3.1452541495590913
50 81 B C 35.58 36.62 76.33 34.94 30.45 83.8 9.70975796524648 S T -7.5335 -5.6840630729166675 3.1452541495590913
50 82 B C 35.58 36.62 76.33 32.82 29.35 79.17 8.278651455053877 S V -10.399500000000002 -5.6840630729166675 3.1452541495590913
51 81 B C 32.07 32.0 75.7 34.94 30.45 83.8 8.73209541753286 P T -8.767 -5.6840630729166675 3.1452541495590913
51 82 B C 32.07 32.0 75.7 32.82 29.35 79.17 4.43011359333954 P V -11.633000000000001 -5.6840630729166675 3.1452541495590913
51 83 B C 32.07 32.0 75.7 31.98 23.96 79.31 8.813729015342203 P S -7.205500000000001 -5.6840630729166675 3.1452541495590913
51 86 B C 32.07 32.0 75.7 30.96 24.97 75.88 7.119368730377752 P V -6.577500000000001 -5.6840630729166675 3.1452541495590913
51 87 B C 32.07 32.0 75.7 36.32 26.65 74.74 6.899753787195204 P L -11.8305 -5.6840630729166675 3.1452541495590913
51 90 B C 32.07 32.0 75.7 32.62 27.62 70.15 7.091497796469847 P I -10.48 -5.6840630729166675 3.1452541495590913
52 82 B C 31.39 36.18 73.77 32.82 29.35 79.17 8.823480963322925 G V -9.5365 -5.6840630729166675 3.1452541495590913
52 90 B C 31.39 36.18 73.77 32.62 27.62 70.15 9.375012233554514 G I -8.3835 -5.6840630729166675 3.1452541495590913
54 82 B C 34.88 32.19 70.67 32.82 29.35 79.17 9.19560741283157 L V -14.896500000000003 -5.6840630729166675 3.1452541495590913
54 86 B C 34.88 32.19 70.67 30.96 24.97 75.88 9.728252468804817 L V -9.841000000000001 -5.6840630729166675 3.1452541495590913
54 87 B C 34.88 32.19 70.67 36.32 26.65 74.74 7.023537753256125 L L -15.094000000000001 -5.6840630729166675 3.1452541495590913
54 89 B C 34.88 32.19 70.67 32.51 22.79 70.57 9.694682546832206 L G -9.387000000000002 -5.6840630729166675 3.1452541495590913
54 90 B C 34.88 32.19 70.67 32.62 27.62 70.15 5.124732767871742 L I -13.743500000000001 -5.6840630729166675 3.1452541495590913
54 91 B C 34.88 32.19 70.67 36.91 25.41 68.23 7.486177474109068 L V -11.121500000000001 -5.6840630729166675 3.1452541495590913
54 94 B C 34.88 32.19 70.67 34.19 28.23 63.78 7.976828173373594 L D -11.434000000000001 -5.6840630729166675 3.1452541495590913
55 90 B C 29.76 34.47 70.46 32.62 27.62 70.15 7.429548862054003 A I -10.447499999999998 -5.6840630729166675 3.1452541495590913
57 90 B C 35.25 35.14 65.79 32.62 27.62 70.15 9.081678762145112 I I -11.1785 -5.6840630729166675 3.1452541495590913
57 94 B C 35.25 35.14 65.79 34.19 28.23 63.78 7.2740504115839935 I D -8.869 -5.6840630729166675 3.1452541495590913
58 90 B C 30.73 32.49 64.58 32.62 27.62 70.15 7.636354003537773 V I -12.7095 -5.6840630729166675 3.1452541495590913
58 93 B C 30.73 32.49 64.58 30.92 24.92 65.04 7.586344549093285 V G -8.5425 -5.6840630729166675 3.1452541495590913
58 94 B C 30.73 32.49 64.58 34.19 28.23 63.78 5.546099237127081 V D -10.400000000000002 -5.6840630729166675 3.1452541495590913
58 97 B C 30.73 32.49 64.58 30.06 27.83 59.95 6.603137613843535 V L -12.628 -5.6840630729166675 3.1452541495590913
61 93 B C 30.75 33.46 59.99 30.92 24.92 65.04 9.922851171913514 D G -7.3115000000000006 -5.6840630729166675 3.1452541495590913
61 94 B C 30.75 33.46 59.99 34.19 28.23 63.78 7.317825072236443 D D -9.169 -5.6840630729166675 3.1452541495590913
61 97 B C 30.75 33.46 59.99 30.06 27.83 59.95 5.672265099629553 D L -11.396999999999998 -5.6840630729166675 3.1452541495590913
61 98 B C 30.75 33.46 59.99 34.77 26.99 57.21 8.108619439697604 D T -9.13 -5.6840630729166675 3.1452541495590913
61 100 B C 30.75 33.46 59.99 27.67 25.32 56.18 9.50063682381269 D L -9.238 -5.6840630729166675 3.1452541495590913
61 101 B C 30.75 33.46 59.99 30.64 29.18 53.99 7.3709219019781 D I -12.5395 -5.6840630729166675 3.1452541495590913
62 97 B C 26.36 36.64 61.06 30.06 27.83 59.95 9.619676890429288 L L -10.599 -5.6840630729166675 3.1452541495590913
64 97 B C 31.29 36.58 55.71 30.06 27.83 59.95 9.800665853807438 L L -13.893499999999998 -5.6840630729166675 3.1452541495590913
64 101 B C 31.29 36.58 55.71 30.64 29.18 53.99 7.625019058554669 L I -15.036 -5.6840630729166675 3.1452541495590913
65 97 B C 26.25 34.59 55.68 30.06 27.83 59.95 8.857008689973476 T L -9.557999999999998 -5.6840630729166675 3.1452541495590913
65 100 B C 26.25 34.59 55.68 27.67 25.32 56.18 9.391448701005267 T L -7.399 -5.6840630729166675 3.1452541495590913
65 101 B C 26.25 34.59 55.68 30.64 29.18 53.99 7.169120472442275 T I -10.7005 -5.6840630729166675 3.1452541495590913
65 104 B C 26.25 34.59 55.68 25.92 27.12 50.22 9.258584108469547 T A -6.3145 -5.6840630729166675 3.1452541495590913
68 101 B C 28.0 35.65 50.17 30.64 29.18 53.99 7.96385204445691 I I -14.8605 -5.6840630729166675 3.1452541495590913
68 104 B C 28.0 35.65 50.17 25.92 27.12 50.22 8.780080392682924 I A -10.474499999999999 -5.6840630729166675 3.1452541495590913
68 105 B C 28.0 35.65 50.17 30.36 29.32 47.53 7.253145720262317 I V -15.979 -5.6840630729166675 3.1452541495590913
68 108 B C 28.0 35.65 50.17 26.31 29.43 44.66 8.47965792316896 I L -12.6905 -5.6840630729166675 3.1452541495590913
72 105 B C 24.09 36.15 45.12 30.36 29.32 47.53 9.57966231226829 V V -11.872 -5.6840630729166675 3.1452541495590913
72 108 B C 24.09 36.15 45.12 26.31 29.43 44.66 7.092137372841955 V L -8.5835 -5.6840630729166675 3.1452541495590913
72 111 B C 24.09 36.15 45.12 23.27 29.71 39.3 8.718854706472879 V L -7.991000000000001 -5.6840630729166675 3.1452541495590913
98 112 C X 34.77 26.99 57.21 36.13 27.34 48.39 9.6662015914917 T X -17.5565 -14.567183541666667 2.919179269817681
102 112 C X 33.36 25.32 51.31 36.13 27.34 48.39 6.50932502746582 A X -17.6435 -14.567183541666667 2.919179269817681
105 112 C X 30.36 29.32 47.53 36.13 27.34 48.39 7.069272041320801 V X -22.0845 -14.567183541666667 2.919179269817681
